#height
2
1 12478 1
1 275 1
#neck
101
1 10963 1
2 10941 10963 0.25 0.75
2 10941 10963 0.5 0.5
2 10941 10963 0.75 0.25
1 10941 1
2 10941 10976 0.75 0.25
2 10941 10976 0.5 0.5
2 10941 10976 0.25 0.75
1 10976 1
2 10976 11026 0.5 0.5
1 11026 1
2 11026 11039 0.499999 0.500001
1 11039 1
2 11039 11064 0.499999 0.500001
1 11064 1
2 11064 11119 0.75 0.25
2 11064 11119 0.499999 0.500001
2 11064 11119 0.25 0.75
1 11119 1
2 11119 11158 0.5 0.5
1 11158 1
2 11158 11174 0.5 0.5
1 11174 1
2 11174 11182 0.75 0.25
2 11174 11182 0.5 0.5
2 11174 11182 0.25 0.75
1 11182 1
2 11179 11182 0.25 0.75
2 11179 11182 0.5 0.5
2 11179 11182 0.75 0.25
1 11179 1
2 11179 11211 0.75 0.25
2 11179 11211 0.500001 0.499999
2 11179 11211 0.25 0.75
1 11211 1
2 11211 11214 0.75 0.25
2 11211 11214 0.5 0.5
2 11211 11214 0.25 0.75
1 11214 1
2 11214 11220 0.75 0.25
2 11214 11220 0.5 0.5
2 11214 11220 0.249999 0.750001
1 11220 1
2 11181 11220 0.249999 0.750001
2 11181 11220 0.5 0.5
2 11181 11220 0.750001 0.249999
1 11181 1
2 11181 11184 0.5 0.5
1 11184 1
2 11184 11188 0.5 0.5
2 11132 11188 0.250001 0.749999
2 11153 11188 0.5 0.5
2 11153 11170 0.5 0.5
2 11127 11170 0.5 0.5
2 11127 11155 0.75 0.249999
2 11127 11140 0.5 0.5
2 11120 11140 0.5 0.5
2 11120 11128 0.5 0.5
2 11091 11128 0.5 0.5
3 11076 11091 11128 0.499999 0.249999 0.250002
1 11076 1
3 10984 11076 11080 0.250001 0.5 0.249999
2 10984 11080 0.5 0.5
3 10984 11035 11080 0.25 0.500001 0.25
1 11035 1
3 10933 11035 11040 0.249998 0.500002 0.25
2 10933 11040 0.500001 0.499999
3 10933 10957 11040 0.25 0.500001 0.249999
1 10957 1
2 10957 10974 0.499999 0.500001
1 10974 1
2 10943 10974 0.25 0.75
2 10943 10974 0.5 0.5
2 10943 10974 0.75 0.25
1 10943 1
2 10943 10968 0.75 0.25
2 10943 10968 0.5 0.5
2 10943 10968 0.25 0.75
1 10968 1
2 10965 10968 0.500001 0.499999
1 10965 1
2 10949 10965 0.25 0.75
2 10949 10965 0.5 0.5
2 10949 10965 0.75 0.25
1 10949 1
2 10949 11002 0.5 0.5
1 11002 1
2 10996 11002 0.25 0.75
2 10996 11002 0.5 0.5
2 10996 11002 0.75 0.25
1 10996 1
2 10996 11028 0.75 0.25
2 10996 11028 0.5 0.5
3 10907 10996 11028 0.25 0.25 0.500001
2 10907 11028 0.499999 0.500001
3 10907 10970 11028 0.250001 0.499999 0.25
1 10970 1
2 10963 10970 0.25 0.75
2 10963 10970 0.5 0.5
2 10963 10970 0.75 0.25
1 10963 1
#chest
308
1 9285 1
2 9274 9285 0.25 0.75
2 9274 9285 0.5 0.5
2 9274 9285 0.75 0.25
1 9274 1
2 9191 9274 0.25 0.75
2 9191 9274 0.5 0.5
2 9191 9274 0.75 0.25
1 9191 1
2 9191 9237 0.75 0.25
2 9191 9237 0.5 0.5
2 9191 9237 0.25 0.75
1 9237 1
2 9237 9310 0.75 0.25
2 9237 9310 0.5 0.5
2 9237 9310 0.25 0.75
1 9310 1
2 9278 9310 0.25 0.75
2 9278 9310 0.5 0.5
2 9278 9310 0.75 0.25
1 9278 1
2 9234 9278 0.25 0.75
2 9234 9278 0.5 0.5
2 9234 9278 0.75 0.25
1 9234 1
2 9139 9234 0.125 0.875
2 9139 9234 0.25 0.75
2 9139 9234 0.375 0.625
2 9139 9234 0.5 0.5
2 9139 9234 0.625 0.375
2 9139 9234 0.75 0.25
2 9139 9234 0.875 0.125
1 9139 1
2 9139 9179 0.75 0.25
2 9139 9179 0.5 0.5
2 9139 9179 0.25 0.75
1 9179 1
3 9078 9179 9251 0.125 0.75 0.125
3 9078 9179 9251 0.25 0.5 0.25
3 9078 9179 9251 0.375 0.25 0.375
2 9078 9251 0.5 0.5
3 9078 9185 9251 0.374999 0.25 0.375001
3 9078 9185 9251 0.25 0.5 0.25
3 9078 9185 9251 0.125 0.75 0.125
1 9185 1
2 9185 9240 0.75 0.25
2 9185 9240 0.5 0.5
2 9185 9240 0.25 0.75
1 9240 1
2 9178 9240 0.25 0.75
2 9178 9240 0.5 0.5
2 9178 9240 0.75 0.25
1 9178 1
3 9054 9178 9347 0.125 0.75 0.125
3 9054 9178 9347 0.25 0.5 0.25
3 9054 9178 9347 0.375 0.25 0.375
2 9054 9347 0.5 0.5
3 9054 9315 9347 0.5 0.25 0.25
2 9054 9315 0.5 0.5
3 9054 9151 9315 0.375 0.25 0.375
3 9054 9151 9315 0.25 0.5 0.25
3 9054 9151 9315 0.125 0.75 0.125
1 9151 1
2 9051 9151 0.249999 0.750001
2 9051 9151 0.5 0.5
2 9051 9151 0.75 0.25
1 9051 1
2 9043 9051 0.25 0.75
2 9043 9051 0.5 0.5
2 9043 9051 0.75 0.25
1 9043 1
2 9041 9043 0.25 0.75
2 9041 9043 0.5 0.5
2 9041 9043 0.75 0.25
1 9041 1
2 9021 9041 0.5 0.5
1 9021 1
2 8981 9021 0.5 0.5
1 8981 1
2 8981 9006 0.75 0.25
2 8981 9006 0.5 0.5
2 8981 9006 0.25 0.75
1 9006 1
2 8971 9006 0.25 0.75
2 8971 9006 0.5 0.5
2 8971 9006 0.75 0.25
1 8971 1
2 8971 9019 0.875 0.125
2 8971 9019 0.75 0.25
2 8971 9019 0.625 0.375
2 8971 9019 0.5 0.5
2 8971 9019 0.375 0.625
2 8971 9019 0.25 0.75
2 8971 9019 0.125 0.875
1 9019 1
2 9019 9044 0.75 0.25
2 9019 9044 0.5 0.5
2 9019 9044 0.25 0.75
1 9044 1
2 8976 9044 0.25 0.75
2 8976 9044 0.5 0.5
2 8976 9044 0.75 0.25
1 8976 1
2 8976 9052 0.875 0.125
2 8976 9052 0.75 0.25
2 8976 9052 0.625 0.375
2 8976 9052 0.5 0.5
2 8976 9052 0.375 0.625
2 8976 9052 0.25 0.75
2 8976 9052 0.125 0.875
1 9052 1
2 8970 9052 0.249999 0.750001
2 8970 9052 0.5 0.5
2 8970 9052 0.750001 0.249999
1 8970 1
2 8970 9113 0.5 0.5
1 9113 1
3 9085 9113 9259 0.25 0.499999 0.250002
2 9085 9259 0.5 0.5
3 9085 9206 9259 0.250001 0.499999 0.25
1 9206 1
2 9206 9272 0.75 0.25
2 9206 9272 0.5 0.5
2 9206 9272 0.25 0.75
1 9272 1
2 9272 9297 0.75 0.25
2 9272 9297 0.5 0.5
2 9272 9297 0.25 0.75
1 9297 1
3 9196 9233 9297 0.25 0.25 0.5
2 9196 9233 0.5 0.5
2 9161 9196 0.5 0.5
2 9117 9196 0.5 0.5
2 9117 9155 0.5 0.5
2 8997 9117 0.5 0.5
2 8945 8997 0.25 0.75
2 8872 8997 0.25 0.75
2 8782 8997 0.25 0.75
3 8782 8997 9060 0.375 0.499999 0.125
2 8782 9060 0.5 0.5
2 8795 9060 0.5 0.5
3 8736 8795 9060 0.5 0.25 0.25
1 8736 1
2 8736 8805 0.5 0.5
1 8805 1
3 8682 8805 8913 0.125 0.75 0.125
3 8682 8805 8913 0.25 0.5 0.25
3 8682 8805 8913 0.375 0.25 0.375
2 8682 8913 0.5 0.5
3 8682 8780 8913 0.375 0.25 0.375
3 8682 8780 8913 0.25 0.5 0.25
3 8682 8780 8913 0.125001 0.749999 0.125
1 8780 1
2 8780 8917 0.75 0.25
2 8780 8917 0.5 0.5
2 8780 8917 0.25 0.75
1 8917 1
2 8876 8917 0.25 0.75
2 8876 8917 0.5 0.5
2 8876 8917 0.75 0.25
1 8876 1
2 8750 8876 0.25 0.75
2 8750 8876 0.5 0.5
2 8750 8876 0.75 0.25
1 8750 1
2 8680 8750 0.5 0.5
1 8680 1
2 8539 8680 0.5 0.5
1 8539 1
3 8442 8539 8701 0.124999 0.750001 0.124999
3 8442 8539 8701 0.25 0.5 0.25
3 8442 8539 8701 0.375001 0.249998 0.375001
2 8442 8701 0.5 0.5
3 8442 8683 8701 0.374999 0.250002 0.374999
3 8442 8683 8701 0.25 0.5 0.25
3 8442 8683 8701 0.125 0.749999 0.125001
1 8683 1
2 8683 8691 0.75 0.25
2 8683 8691 0.499999 0.500001
2 8683 8691 0.249999 0.750001
1 8691 1
2 8691 8763 0.75 0.25
2 8691 8763 0.5 0.5
3 8637 8691 8763 0.25 0.25 0.5
2 8637 8763 0.25 0.75
3 8637 8751 8763 0.25 0.25 0.499999
3 8637 8751 8763 0.25 0.500001 0.25
2 8637 8751 0.25 0.75
2 8459 8751 0.250001 0.749999
3 8459 8751 8817 0.375 0.499999 0.125001
3 8459 8751 8817 0.5 0.25 0.25
2 8459 8817 0.625 0.375
3 8459 8491 8817 0.500001 0.125 0.375
2 8491 8817 0.5 0.5
2 8491 8704 0.5 0.5
2 8416 8704 0.5 0.5
3 8416 8704 8720 0.375 0.375 0.25
3 8416 8704 8720 0.25 0.25 0.499999
3 8416 8704 8720 0.125 0.125 0.749999
1 8720 1
2 8716 8720 0.25 0.75
2 8716 8720 0.5 0.5
2 8716 8720 0.75 0.25
1 8716 1
3 8589 8716 8788 0.125 0.75 0.125
3 8589 8716 8788 0.25 0.5 0.249999
3 8589 8716 8788 0.375 0.25 0.375
2 8589 8788 0.5 0.5
3 8589 8688 8788 0.375 0.25 0.375
3 8589 8688 8788 0.25 0.5 0.25
3 8589 8688 8788 0.125 0.749999 0.125
1 8688 1
2 8633 8688 0.500001 0.499999
1 8633 1
2 8611 8633 0.25 0.75
2 8611 8633 0.5 0.5
2 8611 8633 0.75 0.25
1 8611 1
2 8611 8687 0.75 0.250001
2 8611 8687 0.5 0.5
2 8611 8687 0.25 0.75
1 8687 1
2 8687 8695 0.75 0.25
2 8687 8695 0.5 0.5
2 8687 8695 0.25 0.75
1 8695 1
2 8618 8695 0.25 0.75
2 8618 8695 0.5 0.5
2 8618 8695 0.75 0.25
1 8618 1
2 8618 8666 0.75 0.25
2 8618 8666 0.5 0.5
2 8618 8666 0.25 0.75
1 8666 1
3 8569 8666 8882 0.125 0.75 0.125
3 8569 8666 8882 0.25 0.5 0.25
3 8569 8666 8882 0.375 0.25 0.375
2 8569 8882 0.5 0.5
3 8569 8859 8882 0.5 0.25 0.25
2 8569 8859 0.5 0.5
3 8569 8643 8859 0.25 0.250001 0.499999
2 8643 8859 0.5 0.5
3 8643 8752 8859 0.499999 0.25 0.250001
3 8643 8752 8859 0.250001 0.5 0.249999
2 8643 8752 0.25 0.75
1 8752 1
2 8752 8827 0.5 0.5
1 8827 1
2 8827 8843 0.75 0.25
2 8827 8843 0.5 0.5
2 8827 8843 0.25 0.75
1 8843 1
2 8843 8890 0.750001 0.249999
2 8843 8890 0.5 0.5
2 8843 8890 0.25 0.75
1 8890 1
3 8833 8890 8990 0.25 0.500001 0.249999
2 8833 8990 0.500001 0.499999
2 8833 9014 0.5 0.5
2 8808 9014 0.5 0.5
3 8808 8977 9014 0.500001 0.249999 0.25
2 8808 8977 0.500001 0.499999
3 8808 8871 8977 0.250001 0.25 0.499999
2 8871 8977 0.499999 0.500001
3 8871 8977 9025 0.5 0.25 0.25
2 8871 9025 0.5 0.5
2 8927 9025 0.500001 0.499999
3 8927 8964 9025 0.5 0.25 0.25
2 8927 8964 0.5 0.5
1 8964 1
2 8947 8964 0.250001 0.749999
2 8947 8964 0.5 0.5
2 8947 8964 0.75 0.250001
1 8947 1
2 8947 9028 0.500001 0.499999
1 9028 1
2 9028 9031 0.75 0.25
2 9028 9031 0.499999 0.500001
2 9028 9031 0.25 0.75
1 9031 1
2 9031 9072 0.750001 0.249999
2 9031 9072 0.5 0.5
2 9031 9072 0.25 0.75
1 9072 1
3 8975 9072 9176 0.125 0.624999 0.250001
3 8975 9072 9176 0.25 0.5 0.249999
3 8975 9072 9176 0.375 0.374999 0.250001
2 8975 9176 0.5 0.5
3 8975 9176 9202 0.5 0.250001 0.249999
2 8975 9202 0.5 0.5
3 8975 9102 9202 0.250001 0.499999 0.25
1 9102 1
2 9102 9152 0.75 0.25
2 9102 9152 0.5 0.5
2 9102 9152 0.25 0.75
1 9152 1
2 9152 9187 0.75 0.25
2 9152 9187 0.5 0.5
2 9152 9187 0.25 0.75
1 9187 1
2 9181 9187 0.25 0.75
2 9181 9187 0.5 0.5
2 9181 9187 0.75 0.25
1 9181 1
2 9181 9285 0.75 0.25
2 9181 9285 0.5 0.5
2 9181 9285 0.25 0.75
1 9285 1
#belly_button_waist
268
1 6937 1
2 6937 6996 0.875 0.125
2 6937 6996 0.75 0.25
2 6937 6996 0.625 0.375
2 6937 6996 0.5 0.5
2 6937 6996 0.375 0.625
2 6937 6996 0.25 0.75
2 6937 6996 0.125 0.875
1 6996 1
2 6948 6996 0.125 0.875
2 6948 6996 0.25 0.75
2 6948 6996 0.375 0.625
2 6948 6996 0.5 0.5
2 6948 6996 0.625 0.375
2 6948 6996 0.75 0.25
2 6948 6996 0.875 0.125
1 6948 1
2 6948 7005 0.75 0.25
3 6940 6948 7005 0.25 0.5 0.25
3 6940 6948 7005 0.25 0.25 0.5
2 6940 7005 0.5 0.5
3 6940 7000 7005 0.25 0.5 0.25
1 7000 1
2 7000 7021 0.875 0.125
2 7000 7021 0.75 0.25
2 7000 7021 0.625 0.375
2 7000 7021 0.5 0.5
2 7000 7021 0.375 0.625
2 7000 7021 0.25 0.75
2 7000 7021 0.125 0.875
1 7021 1
2 7021 7035 0.875 0.125
2 7021 7035 0.75 0.25
2 7021 7035 0.625 0.375
2 7021 7035 0.5 0.5
2 7021 7035 0.375 0.625
2 7021 7035 0.25 0.75
2 7021 7035 0.125 0.875
1 7035 1
2 7035 7073 0.875 0.125
2 7035 7073 0.75 0.25
2 7035 7073 0.625 0.375
2 7035 7073 0.5 0.5
2 7035 7073 0.375 0.625
2 7035 7073 0.25 0.75
2 7035 7073 0.125 0.875
1 7073 1
2 7073 7075 0.75 0.25
2 7073 7075 0.5 0.5
2 7073 7075 0.25 0.75
1 7075 1
2 7075 7094 0.75 0.25
2 7075 7094 0.5 0.5
2 7075 7094 0.25 0.75
1 7094 1
2 7094 7102 0.75 0.25
2 7094 7102 0.5 0.5
2 7094 7102 0.25 0.75
1 7102 1
2 7102 7118 0.75 0.25
2 7102 7118 0.499999 0.500001
2 7102 7118 0.25 0.75
1 7118 1
2 7118 7137 0.749999 0.250001
2 7118 7137 0.5 0.5
2 7137 7188 0.75 0.25
2 7137 7224 0.75 0.25
2 7137 7248 0.5 0.5
3 7137 7162 7248 0.25 0.25 0.5
2 7162 7248 0.5 0.5
3 7162 7218 7248 0.25 0.5 0.25
1 7218 1
2 7218 7270 0.75 0.25
2 7218 7270 0.5 0.5
2 7218 7270 0.25 0.75
1 7270 1
2 7257 7270 0.25 0.75
2 7257 7270 0.5 0.5
2 7257 7270 0.75 0.25
1 7257 1
2 7250 7257 0.25 0.75
2 7250 7257 0.5 0.5
2 7250 7257 0.75 0.25
1 7250 1
2 7203 7250 0.25 0.75
2 7203 7250 0.5 0.5
2 7203 7250 0.75 0.25
1 7203 1
2 7203 7302 0.75 0.25
2 7203 7302 0.5 0.5
2 7203 7302 0.25 0.75
1 7302 1
2 7183 7302 0.25 0.75
2 7183 7302 0.5 0.5
2 7183 7302 0.75 0.25
1 7183 1
2 7183 7261 0.75 0.25
2 7183 7261 0.5 0.5
2 7183 7261 0.25 0.75
1 7261 1
2 7194 7261 0.25 0.75
2 7194 7261 0.5 0.5
2 7194 7261 0.75 0.25
1 7194 1
2 7194 7253 0.875 0.125
2 7194 7253 0.75 0.25
2 7194 7253 0.625 0.375
2 7194 7253 0.5 0.5
2 7194 7253 0.375 0.625
2 7194 7253 0.25 0.75
2 7194 7253 0.125 0.875
1 7253 1
2 7196 7253 0.125 0.875
2 7196 7253 0.25 0.75
2 7196 7253 0.374999 0.625001
2 7196 7253 0.5 0.5
2 7196 7253 0.625 0.375
2 7196 7253 0.75 0.25
2 7196 7253 0.875 0.125
1 7196 1
2 7196 7230 0.75 0.25
2 7196 7230 0.5 0.5
2 7196 7230 0.25 0.75
1 7230 1
3 7144 7230 7314 0.125 0.75 0.125
3 7144 7230 7314 0.25 0.5 0.25
3 7144 7230 7314 0.375 0.25 0.375
2 7144 7314 0.5 0.5
3 7144 7146 7314 0.375 0.25 0.375
3 7144 7146 7314 0.25 0.5 0.25
3 7144 7146 7314 0.125 0.75 0.125
1 7146 1
3 7134 7146 7219 0.125 0.750001 0.125
3 7134 7146 7219 0.25 0.5 0.25
3 7134 7146 7219 0.375 0.25 0.375
2 7134 7219 0.5 0.5
3 7082 7134 7219 0.25 0.375 0.375
3 7082 7134 7219 0.500001 0.249999 0.249999
3 7082 7134 7219 0.749999 0.125001 0.125
1 7082 1
3 7082 7091 7269 0.75 0.125 0.125
3 7082 7091 7269 0.5 0.25 0.25
3 7082 7091 7269 0.250001 0.374999 0.374999
2 7091 7269 0.5 0.5
3 7091 7231 7269 0.375 0.249999 0.375
3 7091 7231 7269 0.25 0.5 0.25
3 7091 7231 7269 0.125 0.75 0.125
1 7231 1
2 7231 7245 0.749999 0.250001
2 7231 7245 0.5 0.5
2 7231 7245 0.25 0.75
1 7245 1
2 7238 7245 0.25 0.75
2 7238 7245 0.5 0.5
2 7238 7245 0.75 0.25
1 7238 1
2 7158 7238 0.125 0.875
2 7158 7238 0.25 0.75
2 7158 7238 0.375 0.625
2 7158 7238 0.5 0.5
2 7158 7238 0.625 0.375
2 7158 7238 0.75 0.25
2 7158 7238 0.875 0.125
1 7158 1
2 7158 7226 0.75 0.25
2 7158 7226 0.5 0.5
2 7158 7226 0.25 0.75
1 7226 1
2 7208 7226 0.25 0.75
2 7208 7226 0.5 0.5
2 7208 7226 0.75 0.25
1 7208 1
2 7208 7265 0.499999 0.500001
1 7265 1
2 7265 7301 0.5 0.5
1 7301 1
3 7221 7301 7353 0.25 0.499999 0.25
2 7221 7353 0.5 0.5
3 7221 7273 7353 0.25 0.5 0.25
1 7273 1
3 7235 7273 7316 0.25 0.5 0.25
2 7235 7316 0.5 0.5
3 7235 7316 7325 0.5 0.25 0.25
2 7235 7325 0.5 0.5
3 7235 7266 7325 0.25 0.5 0.25
1 7266 1
2 7163 7266 0.25 0.75
2 7163 7266 0.5 0.5
2 7163 7266 0.75 0.25
1 7163 1
2 7124 7163 0.5 0.5
1 7124 1
2 7078 7124 0.5 0.5
1 7078 1
2 7050 7078 0.25 0.75
2 7050 7078 0.5 0.5
2 7050 7078 0.75 0.25
1 7050 1
2 6970 7050 0.5 0.5
1 6970 1
2 6927 6970 0.25 0.75
2 6927 6970 0.5 0.5
2 6927 6970 0.75 0.25
1 6927 1
2 6927 7006 0.75 0.25
2 6927 7006 0.5 0.5
2 6927 7006 0.249999 0.750001
1 7006 1
2 7006 7019 0.75 0.25
2 7006 7019 0.5 0.5
2 7006 7019 0.25 0.75
1 7019 1
2 7001 7019 0.25 0.75
2 7001 7019 0.5 0.5
2 7001 7019 0.75 0.25
1 7001 1
2 6949 7001 0.25 0.75
2 6949 7001 0.5 0.5
2 6949 7001 0.75 0.25
1 6949 1
2 6949 6951 0.875 0.125
2 6949 6951 0.75 0.25
2 6949 6951 0.625 0.375
2 6949 6951 0.5 0.5
2 6949 6951 0.375 0.625
2 6949 6951 0.25 0.75
2 6949 6951 0.125 0.875
1 6951 1
2 6951 6982 0.75 0.25
2 6951 6982 0.5 0.5
2 6951 6982 0.25 0.75
1 6982 1
2 6977 6982 0.125 0.875
2 6977 6982 0.25 0.75
2 6977 6982 0.375 0.625
2 6977 6982 0.5 0.5
2 6977 6982 0.625 0.375
2 6977 6982 0.75 0.25
2 6977 6982 0.875 0.125
1 6977 1
2 6935 6977 0.125 0.875
2 6935 6977 0.25 0.75
2 6935 6977 0.375 0.625
2 6935 6977 0.5 0.5
2 6935 6977 0.625 0.375
2 6935 6977 0.75 0.25
2 6935 6977 0.875 0.125
1 6935 1
2 6935 6986 0.875 0.125
2 6935 6986 0.75 0.25
2 6935 6986 0.625 0.375
2 6935 6986 0.5 0.5
2 6935 6986 0.375 0.625
2 6935 6986 0.25 0.75
2 6935 6986 0.125 0.875
1 6986 1
2 6967 6986 0.125 0.875
2 6967 6986 0.25 0.75
2 6967 6986 0.375 0.625
2 6967 6986 0.5 0.5
2 6967 6986 0.625 0.375
2 6967 6986 0.75 0.25
2 6967 6986 0.875 0.125
1 6967 1
2 6937 6967 0.25 0.75
2 6937 6967 0.5 0.5
2 6937 6967 0.75 0.25
1 6937 1
#gluteal_hip
286
1 5735 1
2 5735 5803 0.75 0.25
2 5735 5803 0.5 0.5
2 5735 5803 0.25 0.75
1 5803 1
2 5720 5803 0.5 0.5
1 5720 1
2 5720 5883 0.75 0.25
2 5720 5883 0.5 0.5
2 5720 5883 0.25 0.75
1 5883 1
2 5745 5883 0.5 0.5
1 5745 1
2 5745 5948 0.75 0.25
2 5745 5948 0.5 0.5
2 5716 5948 0.5 0.5
3 5716 5948 5984 0.499999 0.250001 0.25
2 5716 5984 0.5 0.5
3 5716 5863 5984 0.25 0.5 0.25
1 5863 1
2 5816 5863 0.5 0.5
1 5816 1
2 5816 5921 0.75 0.25
2 5816 5921 0.5 0.5
2 5816 5921 0.25 0.75
1 5921 1
2 5874 5921 0.5 0.5
1 5874 1
2 5874 5952 0.75 0.25
2 5874 5952 0.5 0.5
2 5874 5952 0.25 0.75
1 5952 1
2 5890 5952 0.25 0.75
2 5890 5952 0.5 0.5
2 5890 5952 0.75 0.25
1 5890 1
2 5890 6028 0.5 0.5
1 6028 1
2 6028 6144 0.5 0.5
1 6144 1
2 6144 6175 0.5 0.5
1 6175 1
2 6175 6186 0.5 0.5
1 6186 1
2 6186 6191 0.75 0.25
2 6186 6191 0.500001 0.499999
2 6186 6191 0.25 0.75
1 6191 1
2 6131 6191 0.499999 0.500001
1 6131 1
2 6131 6162 0.75 0.25
2 6131 6162 0.5 0.5
3 6131 6162 6242 0.25 0.499999 0.25
2 6162 6242 0.5 0.5
3 6118 6162 6242 0.25 0.250001 0.499999
2 6118 6242 0.5 0.5
3 6118 6197 6242 0.25 0.5 0.25
1 6197 1
2 6197 6275 0.75 0.25
2 6197 6275 0.5 0.5
2 6197 6275 0.25 0.75
1 6275 1
2 6275 6359 0.875 0.125
2 6275 6359 0.75 0.25
2 6275 6359 0.625 0.375
2 6275 6359 0.5 0.5
2 6275 6359 0.375 0.625
2 6275 6359 0.25 0.75
2 6275 6359 0.125 0.875
1 6359 1
2 6359 6375 0.75 0.25
2 6359 6375 0.5 0.5
2 6359 6375 0.25 0.75
1 6375 1
2 6375 6391 0.75 0.25
2 6375 6391 0.5 0.5
2 6375 6391 0.25 0.75
1 6391 1
3 6299 6391 6510 0.25 0.5 0.25
2 6299 6510 0.5 0.5
3 6299 6481 6510 0.5 0.25 0.25
2 6299 6481 0.5 0.5
3 6299 6437 6481 0.5 0.25 0.25
2 6299 6437 0.5 0.5
2 6299 6437 0.25 0.75
1 6437 1
2 6437 6454 0.75 0.25
2 6437 6454 0.5 0.5
2 6437 6454 0.25 0.75
1 6454 1
2 6454 6554 0.75 0.25
2 6454 6554 0.5 0.5
2 6454 6554 0.25 0.75
1 6554 1
2 6554 6578 0.75 0.25
2 6554 6578 0.5 0.5
2 6554 6578 0.25 0.75
1 6578 1
2 6578 6589 0.75 0.25
2 6578 6589 0.5 0.5
2 6578 6589 0.25 0.75
1 6589 1
2 6462 6589 0.25 0.75
2 6462 6589 0.5 0.5
2 6462 6589 0.75 0.25
1 6462 1
2 6344 6462 0.125 0.875
2 6344 6462 0.25 0.75
2 6344 6462 0.375 0.625
2 6344 6462 0.5 0.5
2 6344 6462 0.625 0.375
2 6344 6462 0.75 0.25
2 6344 6462 0.875 0.125
1 6344 1
2 6329 6344 0.125 0.875
2 6329 6344 0.25 0.75
2 6329 6344 0.375 0.625
2 6329 6344 0.5 0.5
2 6329 6344 0.625 0.375
2 6329 6344 0.75 0.25
2 6329 6344 0.875 0.125
1 6329 1
2 6262 6329 0.125 0.875
2 6262 6329 0.25 0.75
2 6262 6329 0.375 0.625
2 6262 6329 0.5 0.5
2 6262 6329 0.625 0.375
2 6262 6329 0.75 0.25
2 6262 6329 0.875 0.125
1 6262 1
2 6180 6262 0.125 0.875
2 6180 6262 0.25 0.75
2 6180 6262 0.375 0.625
2 6180 6262 0.5 0.5
2 6180 6262 0.625 0.375
2 6180 6262 0.75 0.25
2 6180 6262 0.875 0.125
1 6180 1
2 6140 6180 0.125 0.875
2 6140 6180 0.25 0.75
2 6140 6180 0.375 0.625
2 6140 6180 0.5 0.5
2 6140 6180 0.625 0.375
2 6140 6180 0.75 0.25
2 6140 6180 0.875 0.125
1 6140 1
2 6119 6140 0.25 0.75
2 6119 6140 0.5 0.5
2 6119 6140 0.75 0.25
1 6119 1
2 6119 6246 0.75 0.25
2 6119 6246 0.499999 0.500001
2 6119 6246 0.25 0.75
1 6246 1
2 6246 6281 0.749999 0.250001
2 6246 6281 0.5 0.5
2 6246 6281 0.25 0.75
1 6281 1
2 6281 6395 0.75 0.25
2 6281 6395 0.5 0.5
2 6281 6395 0.25 0.75
1 6395 1
2 6380 6395 0.25 0.75
2 6380 6395 0.5 0.5
2 6380 6395 0.75 0.25
1 6380 1
2 6369 6380 0.25 0.75
2 6369 6380 0.5 0.5
2 6369 6380 0.75 0.25
1 6369 1
2 6286 6369 0.250001 0.749999
2 6286 6369 0.500001 0.499999
2 6286 6369 0.75 0.25
1 6286 1
2 6227 6286 0.25 0.75
2 6227 6286 0.5 0.5
2 6227 6286 0.75 0.25
1 6227 1
2 6227 6272 0.75 0.25
2 6227 6272 0.5 0.5
2 6227 6272 0.25 0.75
1 6272 1
2 6272 6342 0.75 0.25
2 6272 6342 0.5 0.5
2 6272 6342 0.25 0.75
1 6342 1
3 6160 6342 6407 0.125 0.75 0.125
3 6160 6342 6407 0.25 0.5 0.25
3 6160 6342 6407 0.375 0.25 0.375
2 6160 6407 0.5 0.5
3 6160 6182 6407 0.375 0.25 0.375
3 6160 6182 6407 0.25 0.5 0.25
3 6160 6182 6407 0.125 0.75 0.125
1 6182 1
2 6182 6190 0.875 0.125
2 6182 6190 0.75 0.25
2 6182 6190 0.625 0.375
2 6182 6190 0.5 0.5
2 6182 6190 0.375 0.625
2 6182 6190 0.25 0.75
2 6182 6190 0.125 0.875
1 6190 1
2 6152 6190 0.25 0.75
2 6152 6190 0.5 0.5
2 6152 6190 0.75 0.25
1 6152 1
2 6152 6224 0.75 0.25
2 6152 6224 0.5 0.5
2 6152 6224 0.25 0.75
1 6224 1
2 6224 6304 0.5 0.499999
1 6304 1
2 6304 6353 0.5 0.5
1 6353 1
2 6253 6353 0.25 0.75
2 6253 6353 0.5 0.5
2 6253 6353 0.75 0.25
1 6253 1
2 6253 6296 0.500001 0.499999
1 6296 1
2 6296 6313 0.5 0.5
1 6313 1
2 6285 6313 0.25 0.75
2 6285 6313 0.5 0.5
2 6285 6313 0.75 0.25
1 6285 1
2 6250 6285 0.25 0.75
2 6250 6285 0.5 0.5
2 6250 6285 0.750001 0.249999
1 6250 1
2 6151 6250 0.250001 0.749999
2 6151 6250 0.5 0.5
2 6151 6250 0.75 0.25
1 6151 1
2 6126 6151 0.25 0.75
2 6126 6151 0.5 0.5
2 6126 6151 0.75 0.25
1 6126 1
2 6071 6126 0.25 0.75
2 6071 6126 0.5 0.5
2 6071 6126 0.75 0.25
1 6071 1
2 6004 6071 0.5 0.5
1 6004 1
2 5975 6004 0.5 0.5
1 5975 1
2 5975 5991 0.75 0.25
2 5975 5991 0.5 0.5
2 5975 5991 0.25 0.75
1 5991 1
2 5911 5991 0.5 0.5
1 5911 1
2 5911 5950 0.5 0.5
1 5950 1
2 5925 5950 0.25 0.75
2 5925 5950 0.5 0.5
2 5925 5950 0.75 0.25
1 5925 1
3 5814 5925 6052 0.125 0.749999 0.125
3 5814 5925 6052 0.25 0.5 0.25
3 5814 5925 6052 0.375 0.25 0.375
2 5814 6052 0.5 0.5
2 5814 6048 0.5 0.5
2 5814 5998 0.5 0.5
3 5814 5920 5998 0.499999 0.25 0.25
1 5920 1
2 5900 5920 0.25 0.75
2 5900 5920 0.5 0.5
2 5900 5920 0.75 0.25
1 5900 1
2 5826 5900 0.25 0.75
2 5826 5900 0.5 0.5
2 5826 5900 0.75 0.25
1 5826 1
2 5595 5826 0.25 0.75
2 5595 5826 0.5 0.5
2 5595 5826 0.75 0.25
1 5595 1
2 5595 5695 0.75 0.25
2 5595 5695 0.5 0.5
2 5595 5695 0.25 0.75
1 5695 1
2 5695 5735 0.75 0.25
2 5695 5735 0.5 0.5
2 5695 5735 0.25 0.75
1 5735 1
#neck_shoulder_elbow_wirst
232
1 11053 1
2 11038 11053 0.125 0.875
2 11038 11053 0.25 0.75
2 11038 11053 0.375 0.625
2 11038 11053 0.5 0.5
2 11038 11053 0.625 0.375
2 11038 11053 0.75 0.25
2 11038 11053 0.875 0.125
1 11038 1
2 11005 11038 0.25 0.75
2 11005 11038 0.5 0.5
2 11005 11038 0.749999 0.250001
1 11005 1
2 10999 11005 0.25 0.75
2 10999 11005 0.499999 0.500001
2 10999 11005 0.749999 0.250001
1 10999 1
2 10999 11019 0.750002 0.249998
2 10999 11019 0.500001 0.499999
2 10999 11019 0.25 0.75
1 11019 1
2 11006 11019 0.25 0.75
2 11006 11019 0.5 0.5
2 11006 11019 0.75 0.25
1 11006 1
1 11011 1
2 10990 11011 0.25 0.75
2 10990 11011 0.5 0.5
2 10990 11011 0.750001 0.249999
1 10990 1
3 10971 10975 10990 0.25 0.25 0.500001
2 10971 10975 0.5 0.5
3 10962 10971 10975 0.5 0.25 0.25
1 10962 1
2 10934 10962 0.25 0.75
2 10934 10962 0.5 0.5
2 10934 10962 0.75 0.25
1 10934 1
2 10927 10934 0.25 0.75
2 10927 10934 0.5 0.5
2 10927 10934 0.75 0.25
1 10927 1
2 10903 10927 0.5 0.5
1 10903 1
2 10883 10903 0.250001 0.749999
2 10883 10903 0.5 0.5
2 10883 10903 0.75 0.25
1 10883 1
2 10856 10883 0.500001 0.499999
1 10856 1
2 10768 10856 0.250001 0.749999
2 10768 10856 0.500001 0.499999
2 10768 10856 0.749999 0.250001
1 10768 1
2 10729 10768 0.25 0.75
2 10729 10768 0.5 0.5
2 10729 10768 0.75 0.25
1 10729 1
2 10714 10729 0.5 0.5
1 10714 1
2 10653 10714 0.5 0.5
1 10653 1
3 10619 10631 10653 0.250001 0.250001 0.499998
2 10619 10631 0.5 0.5
3 10548 10619 10631 0.249999 0.500001 0.25
2 10548 10619 0.5 0.5
3 10546 10548 10619 0.499999 0.25 0.250001
1 10546 1
2 10495 10546 0.249999 0.750001
2 10495 10546 0.5 0.5
2 10495 10546 0.750001 0.249999
1 10495 1
2 10414 10495 0.25 0.75
2 10414 10495 0.5 0.5
2 10414 10495 0.75 0.25
1 10414 1
2 10365 10414 0.25 0.75
2 10365 10414 0.500001 0.499999
2 10365 10414 0.75 0.25
1 10365 1
2 10285 10365 0.249999 0.750001
2 10285 10365 0.5 0.5
2 10285 10365 0.750001 0.249999
1 10285 1
2 10248 10285 0.250001 0.749999
2 10248 10285 0.5 0.5
3 10247 10248 10285 0.25 0.499999 0.250001
2 10247 10248 0.499999 0.500001
3 10181 10247 10248 0.249999 0.499999 0.250002
2 10181 10247 0.5 0.5
3 10181 10207 10247 0.500001 0.249999 0.25
2 10181 10207 0.5 0.499999
3 10129 10181 10207 0.25 0.250001 0.5
2 10129 10207 0.5 0.5
3 10110 10129 10207 0.374999 0.250001 0.375
3 10110 10129 10207 0.5 0.25 0.25
3 10110 10129 10207 0.625001 0.249999 0.125
1 10110 1
2 10055 10110 0.250001 0.749999
2 10055 10110 0.5 0.5
2 10055 10110 0.749999 0.250001
1 10055 1
2 10005 10055 0.5 0.5
1 10005 1
2 9861 10005 0.25 0.75
2 9861 10005 0.5 0.5
2 9861 10005 0.75 0.25
1 9861 1
2 9776 9861 0.25 0.75
2 9776 9861 0.5 0.5
2 9776 9861 0.75 0.25
1 9776 1
2 9522 9776 0.125 0.875
2 9522 9776 0.25 0.75
2 9522 9776 0.375 0.625
2 9522 9776 0.5 0.5
2 9522 9776 0.625 0.375
2 9522 9776 0.75 0.25
2 9522 9776 0.875 0.125
1 9522 1
2 9469 9522 0.25 0.75
2 9469 9522 0.5 0.5
2 9469 9522 0.75 0.25
1 9469 1
2 9243 9469 0.125 0.875
2 9243 9469 0.25 0.75
2 9243 9469 0.375 0.625
2 9243 9469 0.5 0.5
2 9243 9469 0.625 0.375
2 9243 9469 0.75 0.25
2 9243 9469 0.875 0.125
1 9243 1
3 9039 9238 9243 0.125 0.125 0.75
3 9039 9238 9243 0.25 0.25 0.5
3 9039 9238 9243 0.375 0.375 0.25
2 9039 9238 0.5 0.5
3 8949 9039 9238 0.249998 0.375001 0.375001
3 8949 9039 9238 0.499999 0.250001 0.25
3 8949 9039 9238 0.749999 0.125 0.125
1 8949 1
2 8781 8949 0.125 0.875
2 8781 8949 0.25 0.75
2 8781 8949 0.375 0.625
2 8781 8949 0.5 0.5
2 8781 8949 0.625 0.375
2 8781 8949 0.75 0.25
2 8781 8949 0.875 0.125
1 8781 1
2 8541 8781 0.125 0.875
2 8541 8781 0.25 0.75
2 8541 8781 0.375 0.625
2 8541 8781 0.5 0.5
3 8541 8613 8781 0.5 0.250001 0.25
2 8541 8613 0.5 0.5
3 8521 8541 8613 0.25 0.5 0.25
2 8521 8541 0.5 0.5
3 8411 8521 8541 0.25 0.5 0.25
2 8411 8521 0.5 0.5
3 8411 8420 8521 0.249998 0.500002 0.25
1 8420 1
2 8227 8420 0.125 0.875
2 8227 8420 0.25 0.75
2 8227 8420 0.375 0.625
2 8227 8420 0.5 0.5
2 8227 8420 0.625 0.375
2 8227 8420 0.75 0.25
2 8227 8420 0.875 0.125
1 8227 1
2 8041 8227 0.25 0.75
2 8041 8227 0.5 0.5
2 8041 8227 0.75 0.25
1 8041 1
2 7890 8041 0.125 0.875
2 7890 8041 0.25 0.75
2 7890 8041 0.375 0.625
2 7890 8041 0.5 0.5
2 7890 8041 0.625 0.375
2 7890 8041 0.75 0.25
2 7890 8041 0.875 0.125
1 7890 1
2 7815 7890 0.25 0.75
2 7815 7890 0.499999 0.500001
2 7815 7890 0.75 0.25
1 7815 1
2 7700 7815 0.25 0.75
2 7700 7815 0.5 0.5
2 7700 7815 0.75 0.25
1 7700 1
2 7505 7700 0.25 0.75
2 7505 7700 0.5 0.5
2 7505 7700 0.75 0.25
1 7505 1
2 7379 7505 0.25 0.75
2 7379 7505 0.5 0.5
2 7379 7505 0.75 0.25
1 7379 1
2 7338 7379 0.25 0.75
2 7338 7379 0.5 0.5
2 7338 7379 0.75 0.25
1 7338 1
2 7184 7338 0.25 0.75
2 7184 7338 0.5 0.5
2 7184 7338 0.75 0.250001
1 7184 1
2 7002 7184 0.125 0.875
2 7002 7184 0.25 0.75
2 7002 7184 0.375 0.625
2 7002 7184 0.5 0.5
2 7002 7184 0.625 0.375
2 7002 7184 0.75 0.25
2 7002 7184 0.875 0.125
1 7002 1
2 6900 7002 0.25 0.75
2 6900 7002 0.5 0.5
2 6900 7002 0.75 0.25
1 6900 1
2 6730 6900 0.25 0.75
2 6730 6900 0.5 0.5
2 6730 6900 0.749999 0.250001
1 6730 1
2 6588 6730 0.5 0.499999
1 6588 1
2 6428 6588 0.25 0.75
2 6428 6588 0.5 0.5
2 6428 6588 0.749999 0.250001
1 6428 1
2 6276 6428 0.500001 0.499999
1 6276 1
2 6034 6276 0.25 0.75
2 6034 6276 0.5 0.5
2 6034 6276 0.75 0.25
1 6034 1
#croth_knee_floor
235
1 12498 1
3 4050 4066 12498 0.125 0.125001 0.749999
3 4050 4066 12498 0.25 0.250001 0.499998
3 4050 4066 12498 0.375 0.375001 0.249999
2 4050 4066 0.5 0.5
3 4041 4050 4066 0.25 0.5 0.25
2 4041 4050 0.5 0.5
2 4023 4041 0.5 0.5
3 3949 4023 4041 0.25 0.375 0.375
3 3949 4023 4041 0.500002 0.249999 0.249999
3 3949 4023 4041 0.750001 0.124999 0.125
1 3949 1
2 3857 3949 0.250001 0.749999
2 3857 3949 0.500001 0.499999
2 3857 3949 0.749999 0.250001
1 3857 1
2 3749 3857 0.125 0.875
2 3749 3857 0.25 0.75
2 3749 3857 0.375 0.625
2 3749 3857 0.5 0.5
2 3749 3857 0.625 0.375
2 3749 3857 0.75 0.25
2 3749 3857 0.875 0.125
1 3749 1
2 3690 3749 0.25 0.75
2 3690 3749 0.5 0.5
2 3690 3749 0.75 0.25
1 3690 1
2 3602 3690 0.25 0.75
2 3602 3690 0.5 0.5
2 3602 3690 0.75 0.25
1 3602 1
3 3538 3581 3602 0.125 0.124999 0.750001
3 3538 3581 3602 0.249999 0.25 0.500001
3 3538 3581 3602 0.374999 0.374999 0.250002
2 3538 3581 0.5 0.5
3 3538 3572 3581 0.374999 0.250002 0.375
3 3538 3572 3581 0.25 0.499999 0.250001
3 3538 3572 3581 0.125002 0.749995 0.125002
1 3572 1
2 3490 3572 0.5 0.5
1 3490 1
2 3374 3490 0.125 0.875
2 3374 3490 0.25 0.75
2 3374 3490 0.375001 0.624999
2 3374 3490 0.5 0.5
2 3374 3490 0.625 0.375001
2 3374 3490 0.75 0.25
2 3374 3490 0.875 0.124999
1 3374 1
2 3273 3374 0.250001 0.749999
2 3273 3374 0.5 0.5
2 3273 3374 0.749999 0.250001
1 3273 1
2 3203 3273 0.25 0.75
2 3203 3273 0.500001 0.499999
2 3203 3273 0.75 0.25
1 3203 1
2 3138 3203 0.25 0.75
2 3138 3203 0.5 0.5
2 3138 3203 0.75 0.25
1 3138 1
2 3004 3138 0.125 0.875
2 3004 3138 0.25 0.75
2 3004 3138 0.375 0.625
2 3004 3138 0.5 0.5
2 3004 3138 0.625 0.375
2 3004 3138 0.75 0.25
2 3004 3138 0.875 0.125
1 3004 1
2 2943 3004 0.25 0.75
2 2943 3004 0.5 0.5
2 2943 3004 0.75 0.25
1 2943 1
2 2920 2943 0.499999 0.500001
1 2920 1
2 2866 2920 0.250001 0.749999
2 2866 2920 0.499999 0.500001
2 2866 2920 0.750002 0.249998
1 2866 1
2 2775 2866 0.125001 0.874999
2 2775 2866 0.250001 0.749999
2 2775 2866 0.375002 0.624998
2 2775 2866 0.5 0.5
2 2775 2866 0.624998 0.375002
2 2775 2866 0.749999 0.250001
2 2775 2866 0.874999 0.125001
1 2775 1
2 2689 2775 0.25 0.75
2 2689 2775 0.5 0.5
2 2689 2775 0.75 0.25
1 2689 1
3 2646 2671 2689 0.25 0.25 0.5
2 2646 2671 0.5 0.5
3 2581 2646 2671 0.25 0.5 0.25
2 2581 2646 0.5 0.5
2 2581 2646 0.75 0.25
1 2581 1
2 2492 2581 0.250001 0.749999
2 2492 2581 0.500001 0.499999
2 2492 2581 0.750002 0.249998
1 2492 1
2 2452 2492 0.249998 0.750002
2 2452 2492 0.499998 0.500002
2 2452 2492 0.749999 0.250001
1 2452 1
2 2418 2452 0.250001 0.749999
2 2418 2452 0.500002 0.499998
2 2418 2452 0.750004 0.249996
1 2418 1
2 2375 2418 0.249998 0.750002
2 2375 2418 0.500002 0.499998
2 2375 2418 0.750001 0.249999
1 2375 1
2 2308 2375 0.250001 0.749999
2 2308 2375 0.500002 0.499998
2 2308 2375 0.750004 0.249996
1 2308 1
2 2263 2308 0.25 0.75
2 2263 2308 0.5 0.5
2 2263 2308 0.75 0.25
1 2263 1
3 2195 2224 2263 0.25 0.25 0.5
2 2195 2224 0.5 0.5
3 2180 2195 2224 0.5 0.25 0.25
1 2180 1
3 2129 2165 2180 0.250001 0.250001 0.499997
2 2129 2165 0.5 0.5
3 2120 2129 2165 0.500002 0.249999 0.249999
1 2120 1
2 2060 2120 0.250002 0.749998
2 2060 2120 0.499997 0.500003
2 2060 2120 0.749999 0.250001
1 2060 1
3 2012 2034 2060 0.250002 0.250002 0.499996
2 2012 2034 0.5 0.5
3 1983 2012 2034 0.500005 0.249997 0.249998
1 1983 1
2 1930 1983 0.250001 0.749999
2 1930 1983 0.500003 0.499997
2 1930 1983 0.750004 0.249996
1 1930 1
2 1879 1930 0.25 0.75
2 1879 1930 0.5 0.5
2 1879 1930 0.75 0.25
1 1879 1
2 1839 1879 0.499997 0.500003
1 1839 1
2 1765 1839 0.250001 0.749999
2 1765 1839 0.500002 0.499998
2 1765 1839 0.749999 0.250001
1 1765 1
2 1676 1765 0.125 0.875
2 1676 1765 0.249999 0.750001
2 1676 1765 0.374999 0.625001
2 1676 1765 0.5 0.5
2 1676 1765 0.625001 0.374999
2 1676 1765 0.750001 0.249999
2 1676 1765 0.874999 0.125001
1 1676 1
2 1648 1676 0.25 0.75
2 1648 1676 0.5 0.5
2 1648 1676 0.75 0.25
1 1648 1
2 1614 1648 0.250003 0.749997
2 1614 1648 0.5 0.5
2 1614 1648 0.749997 0.250003
1 1614 1
2 1550 1614 0.250001 0.749999
2 1550 1614 0.499998 0.500002
2 1550 1614 0.749999 0.250001
1 1550 1
2 1509 1550 0.250001 0.749999
2 1509 1550 0.500002 0.499998
2 1509 1550 0.750003 0.249997
1 1509 1
2 1441 1509 0.25 0.75
2 1441 1509 0.5 0.5
2 1441 1509 0.75 0.25
1 1441 1
2 1362 1441 0.124999 0.875001
2 1362 1441 0.250001 0.749999
2 1362 1441 0.375001 0.624999
2 1362 1441 0.5 0.5
2 1362 1441 0.624999 0.375001
2 1362 1441 0.749999 0.250001
2 1362 1441 0.875 0.125
1 1362 1
2 1336 1362 0.250002 0.749998
2 1336 1362 0.5 0.5
2 1336 1362 0.749998 0.250002
1 1336 1
2 1321 1336 0.25 0.75
2 1321 1336 0.5 0.5
2 1321 1336 0.75 0.25
1 1321 1
2 1272 1321 0.249998 0.750002
2 1272 1321 0.5 0.5
2 1272 1321 0.750003 0.249997
1 1272 1
2 1226 1272 0.250004 0.749996
2 1226 1272 0.500002 0.499998
2 1226 1272 0.750001 0.249999
1 1226 1
3 1166 1220 1226 0.25 0.25 0.5
2 1166 1220 0.5 0.5
2 1166 1209 0.625 0.375
3 1156 1166 1209 0.25 0.5 0.25
3 1156 1166 1209 0.500002 0.374999 0.124999
2 1156 1166 0.749998 0.250002
3 1104 1156 1166 0.250001 0.499999 0.25
3 1104 1156 1166 0.375002 0.499998 0.125
2 1104 1156 0.500003 0.499997
2 1104 1156 0.750001 0.249999
1 1104 1
2 986 1104 0.249997 0.750003
2 986 1104 0.5 0.5
2 986 1104 0.750003 0.249997
1 986 1
2 851 986 0.250002 0.749998
2 851 986 0.5 0.5
2 851 986 0.749998 0.250002
1 851 1
3 811 839 851 0.249999 0.249997 0.500005
2 811 839 0.5 0.5
3 752 811 839 0.5 0.25 0.25
1 752 1
2 547 752 0.250002 0.749998
2 547 752 0.499997 0.500003
2 547 752 0.749998 0.250002
1 547 1
2 348 547 0.5 0.5
1 348 1
2 138 348 0.499995 0.500005
1 138 1
#across_back_shoulder_neck
108
1 10814 1
2 10814 10888 0.75 0.25
2 10814 10888 0.500001 0.499999
2 10814 10888 0.250001 0.749999
2 10840 10888 0.249999 0.750001
2 10888 10905 0.75 0.25
3 10888 10905 10923 0.499998 0.375001 0.125002
2 10905 10923 0.5 0.5
3 10905 10923 10940 0.499998 0.375 0.125002
3 10905 10923 10940 0.499999 0.25 0.250001
3 10905 10923 10940 0.5 0.125 0.375
2 10905 10940 0.499999 0.500001
3 10905 10940 10950 0.375 0.5 0.125
3 10905 10940 10950 0.250001 0.499999 0.25
3 10905 10940 10950 0.125002 0.499998 0.375
2 10940 10950 0.5 0.5
3 10940 10950 10992 0.375 0.500001 0.124999
3 10940 10950 10992 0.25 0.5 0.25
3 10940 10950 10992 0.125 0.5 0.375
2 10950 10992 0.5 0.5
3 10950 10973 10992 0.25 0.25 0.5
2 10973 10992 0.5 0.5
3 10973 10992 11007 0.5 0.25 0.25
2 10973 11007 0.5 0.5
2 10973 11016 0.5 0.5
2 10973 11016 0.375 0.625
2 10973 11016 0.25 0.75
2 10973 11016 0.125 0.875
1 11016 1
2 11016 11024 0.75 0.25
2 11016 11024 0.5 0.5
2 11016 11024 0.25 0.75
1 11024 1
2 11024 11034 0.75 0.25
2 11024 11034 0.5 0.5
2 11024 11034 0.25 0.75
1 11034 1
2 11030 11034 0.25 0.75
2 11030 11034 0.5 0.5
2 11030 11034 0.749999 0.250001
1 11030 1
2 10979 11030 0.125 0.875
2 10979 11030 0.25 0.75
2 10979 11030 0.375 0.625
2 10979 11030 0.5 0.5
2 10979 11030 0.625 0.375
2 10979 11030 0.75 0.25
2 10979 11030 0.875 0.125
1 10979 1
2 10979 11012 0.75 0.25
2 10979 11012 0.5 0.5
2 10979 11012 0.25 0.75
1 11012 1
2 11012 11015 0.75 0.25
2 11012 11015 0.5 0.5
2 11012 11015 0.25 0.75
1 11015 1
2 11015 11033 0.75 0.25
2 11015 11033 0.5 0.5
2 11015 11033 0.25 0.75
1 11033 1
2 11033 11038 0.750001 0.249999
2 11033 11038 0.5 0.5
2 11033 11038 0.25 0.75
1 11038 1
2 11005 11038 0.25 0.75
2 11005 11038 0.5 0.5
2 11005 11038 0.749999 0.250001
1 11005 1
2 10999 11005 0.25 0.75
2 10999 11005 0.499999 0.500001
2 10999 11005 0.749999 0.250001
1 10999 1
2 10999 11019 0.750002 0.249998
2 10999 11019 0.500001 0.499999
2 10999 11019 0.25 0.75
1 11019 1
2 11006 11019 0.25 0.75
2 11006 11019 0.5 0.5
2 11006 11019 0.75 0.25
1 11006 1
1 11011 1
2 10990 11011 0.25 0.75
2 10990 11011 0.5 0.5
2 10990 11011 0.750001 0.249999
1 10990 1
3 10971 10975 10990 0.25 0.25 0.500001
2 10971 10975 0.5 0.5
3 10962 10971 10975 0.5 0.25 0.25
1 10962 1
2 10934 10962 0.25 0.75
2 10934 10962 0.5 0.5
2 10934 10962 0.75 0.25
1 10934 1
2 10927 10934 0.25 0.75
2 10927 10934 0.5 0.5
2 10927 10934 0.75 0.25
1 10927 1
2 10903 10927 0.5 0.5
1 10903 1
2 10848 10903 0.125 0.875
2 10848 10903 0.25 0.75
2 10848 10903 0.375 0.625
2 10848 10903 0.5 0.5
2 10848 10903 0.625 0.375
2 10848 10903 0.75 0.25
2 10848 10903 0.875 0.125
1 10848 1
#neck_to_gluteal_hip
241
1 11122 1
3 11081 11086 11122 0.25 0.25 0.5
2 11081 11086 0.500001 0.499999
3 11053 11081 11086 0.500001 0.249999 0.249999
1 11053 1
2 11015 11053 0.25 0.75
2 11015 11053 0.5 0.5
2 11015 11053 0.75 0.25
1 11015 1
3 10898 11012 11015 0.125 0.124999 0.750001
3 10898 11012 11015 0.25 0.249999 0.500001
3 10898 11012 11015 0.375 0.375001 0.249999
2 10898 11012 0.5 0.5
3 10898 10921 11012 0.5 0.249999 0.250001
2 10898 10921 0.5 0.5
3 10898 10901 10921 0.375002 0.249997 0.375001
3 10898 10901 10921 0.249999 0.500002 0.249999
3 10898 10901 10921 0.124999 0.750002 0.124999
1 10901 1
2 10837 10901 0.249999 0.750001
2 10837 10901 0.499999 0.500001
2 10837 10901 0.749998 0.250002
1 10837 1
2 10690 10837 0.249999 0.750001
2 10690 10837 0.499999 0.500001
2 10690 10837 0.75 0.25
1 10690 1
2 10284 10690 0.125 0.875
2 10284 10690 0.25 0.75
2 10284 10690 0.375001 0.624999
2 10284 10690 0.5 0.5
2 10284 10690 0.624999 0.375001
2 10284 10690 0.75 0.25
2 10284 10690 0.875 0.125
1 10284 1
2 10240 10284 0.125001 0.874999
2 10240 10284 0.25 0.75
2 10240 10284 0.375 0.625
2 10240 10284 0.500001 0.499999
2 10240 10284 0.625 0.375
2 10240 10284 0.75 0.25
2 10240 10284 0.875001 0.124999
1 10240 1
2 10081 10240 0.125 0.875
2 10081 10240 0.249999 0.750001
2 10081 10240 0.375 0.625
2 10081 10240 0.5 0.5
2 10081 10240 0.625 0.375
2 10081 10240 0.750001 0.249999
2 10081 10240 0.875 0.125
1 10081 1
2 9941 10081 0.25 0.75
2 9941 10081 0.5 0.5
2 9941 10081 0.75 0.25
1 9941 1
2 9725 9941 0.25 0.75
2 9725 9941 0.5 0.5
2 9725 9941 0.75 0.25
1 9725 1
2 9466 9725 0.125 0.875
2 9466 9725 0.25 0.75
2 9466 9725 0.375 0.625
2 9466 9725 0.5 0.5
2 9466 9725 0.625 0.375
2 9466 9725 0.75 0.25
2 9466 9725 0.874999 0.125001
1 9466 1
2 9216 9466 0.25 0.75
2 9216 9466 0.5 0.5
2 9216 9466 0.75 0.25
1 9216 1
2 9099 9216 0.25 0.75
2 9099 9216 0.5 0.5
2 9099 9216 0.75 0.25
1 9099 1
2 8851 9099 0.25 0.75
2 8851 9099 0.5 0.5
2 8851 9099 0.75 0.25
1 8851 1
2 8720 8851 0.25 0.75
2 8720 8851 0.5 0.5
2 8720 8851 0.75 0.25
1 8720 1
2 8416 8720 0.125 0.875
2 8416 8720 0.25 0.75
2 8416 8720 0.375 0.625
2 8416 8720 0.5 0.5
2 8416 8720 0.625 0.375
2 8416 8720 0.75 0.25
2 8416 8720 0.875 0.125
1 8416 1
2 8160 8416 0.125 0.875
2 8160 8416 0.25 0.75
2 8160 8416 0.375 0.625
2 8160 8416 0.5 0.5
2 8160 8416 0.625 0.375
2 8160 8416 0.75 0.25
2 8160 8416 0.875 0.125
1 8160 1
2 7999 8160 0.125 0.875
2 7999 8160 0.25 0.75
2 7999 8160 0.375 0.625
2 7999 8160 0.5 0.5
2 7999 8160 0.625 0.375
2 7999 8160 0.75 0.25
2 7999 8160 0.875 0.125
1 7999 1
2 7891 7999 0.125 0.875
2 7891 7999 0.25 0.75
2 7891 7999 0.375 0.625
2 7891 7999 0.5 0.5
2 7891 7999 0.625 0.375
2 7891 7999 0.75 0.25
2 7891 7999 0.875 0.125
1 7891 1
2 7626 7891 0.125 0.875
2 7626 7891 0.25 0.75
2 7626 7891 0.375 0.625
2 7626 7891 0.5 0.5
2 7626 7891 0.625 0.375
2 7626 7891 0.75 0.25
2 7626 7891 0.875 0.125
1 7626 1
2 7502 7626 0.125 0.875
2 7502 7626 0.25 0.75
2 7502 7626 0.375 0.625
2 7502 7626 0.5 0.5
2 7502 7626 0.625 0.375
2 7502 7626 0.75 0.25
2 7502 7626 0.875 0.125
1 7502 1
2 7314 7502 0.125 0.875
2 7314 7502 0.25 0.75
2 7314 7502 0.375 0.625
2 7314 7502 0.5 0.5
2 7314 7502 0.625 0.375
2 7314 7502 0.75 0.25
2 7314 7502 0.875 0.125
1 7314 1
2 7146 7314 0.25 0.75
2 7146 7314 0.5 0.5
2 7146 7314 0.75 0.25
1 7146 1
2 6973 7146 0.125 0.875
2 6973 7146 0.25 0.75
2 6973 7146 0.375 0.625
2 6973 7146 0.5 0.5
2 6973 7146 0.625 0.375
2 6973 7146 0.75 0.25
2 6973 7146 0.875 0.125
1 6973 1
3 6932 6954 6973 0.25 0.25 0.5
2 6932 6954 0.5 0.5
2 6924 6932 0.5 0.5
2 6889 6932 0.5 0.5
2 6872 6889 0.375 0.625
3 6860 6872 6889 0.249999 0.25 0.5
2 6860 6889 0.5 0.5
3 6832 6860 6889 0.5 0.25 0.25
1 6832 1
3 6784 6802 6832 0.25 0.25 0.5
2 6784 6802 0.5 0.5
2 6742 6784 0.375 0.625
3 6700 6742 6784 0.250001 0.25 0.499999
3 6700 6742 6784 0.499999 0.125001 0.375
2 6700 6784 0.75 0.25
2 6700 6777 0.875 0.125
2 6700 6708 0.875 0.125
3 6656 6700 6708 0.125001 0.749999 0.125
3 6656 6700 6708 0.249997 0.625002 0.125001
3 6656 6700 6708 0.374998 0.500002 0.125001
3 6656 6700 6708 0.500001 0.374999 0.125
3 6656 6700 6708 0.625001 0.249999 0.125
3 6656 6700 6708 0.750001 0.124999 0.125
2 6656 6708 0.875 0.125
2 6656 6661 0.75 0.25
2 6573 6656 0.375 0.625
3 6508 6573 6656 0.124999 0.375 0.5
2 6508 6573 0.5 0.5
3 6441 6508 6573 0.250001 0.375 0.375
3 6441 6508 6573 0.5 0.25 0.25
3 6441 6508 6573 0.75 0.125 0.125
1 6441 1
2 6262 6441 0.250001 0.749999
2 6262 6441 0.500001 0.499999
2 6262 6441 0.75 0.25
1 6262 1
2 6094 6262 0.25 0.75
2 6094 6262 0.5 0.5
2 6094 6262 0.75 0.25
1 6094 1
2 5865 6094 0.25 0.75
2 5865 6094 0.5 0.5
2 5865 6094 0.75 0.25
1 5865 1
2 5694 5865 0.25 0.75
2 5694 5865 0.5 0.5
2 5694 5865 0.75 0.25
1 5694 1
3 5499 5645 5694 0.125 0.125 0.750001
3 5499 5645 5694 0.249999 0.25 0.5
3 5499 5645 5694 0.375 0.375 0.25
2 5499 5645 0.5 0.5
3 5499 5511 5645 0.5 0.25 0.249999
2 5499 5511 0.5 0.5
3 5343 5499 5511 0.249999 0.375001 0.375
3 5343 5499 5511 0.5 0.25 0.25
3 5343 5499 5511 0.750001 0.124999 0.125
1 5343 1
2 5166 5343 0.25 0.75
2 5166 5343 0.499999 0.500001
2 5166 5343 0.75 0.25
1 5166 1
2 5012 5166 0.249999 0.750001
2 5012 5166 0.5 0.5
2 5012 5166 0.750001 0.249999
1 5012 1
2 4837 5012 0.25 0.75
2 4837 5012 0.499999 0.500001
2 4837 5012 0.749999 0.250001
1 4837 1
2 4760 4837 0.25 0.75
2 4760 4837 0.5 0.5
2 4760 4837 0.75 0.25
1 4760 1
2 4704 4760 0.25 0.75
2 4704 4760 0.5 0.5
2 4704 4760 0.75 0.25
1 4704 1
2 4648 4704 0.25 0.75
2 4648 4704 0.5 0.5
2 4648 4704 0.75 0.25
1 4648 1
2 4593 4648 0.250001 0.749999
2 4593 4648 0.5 0.5
2 4593 4648 0.75 0.25
1 4593 1
2 4486 4593 0.25 0.75
2 4486 4593 0.5 0.5
2 4486 4593 0.75 0.25
1 4486 1
#natural_waist
259
1 7644 1
2 7591 7644 0.125 0.875
2 7591 7644 0.25 0.75
2 7591 7644 0.375 0.625
2 7591 7644 0.5 0.5
2 7591 7644 0.625 0.375
2 7591 7644 0.75 0.25
2 7591 7644 0.875 0.125
1 7591 1
2 7591 7662 0.875 0.125
2 7591 7662 0.75 0.25
2 7591 7662 0.625 0.375
2 7591 7662 0.5 0.5
2 7591 7662 0.375 0.625
2 7591 7662 0.25 0.75
2 7591 7662 0.125 0.875
1 7662 1
2 7656 7662 0.5 0.5
1 7656 1
2 7621 7656 0.25 0.75
2 7621 7656 0.5 0.5
2 7621 7656 0.75 0.25
1 7621 1
2 7621 7635 0.75 0.25
2 7621 7635 0.5 0.5
2 7621 7635 0.25 0.75
1 7635 1
2 7614 7635 0.25 0.75
2 7614 7635 0.5 0.5
2 7614 7635 0.75 0.25
1 7614 1
2 7614 7616 0.75 0.25
2 7614 7616 0.5 0.5
2 7614 7616 0.25 0.75
1 7616 1
2 7616 7638 0.75 0.25
2 7616 7638 0.5 0.5
2 7616 7638 0.25 0.75
1 7638 1
2 7638 7649 0.875 0.125
2 7638 7649 0.75 0.25
2 7638 7649 0.625 0.375
2 7638 7649 0.5 0.5
2 7638 7649 0.375 0.625
2 7638 7649 0.25 0.75
2 7638 7649 0.125 0.875
1 7649 1
2 7649 7725 0.75 0.25
2 7649 7725 0.5 0.5
2 7649 7725 0.250001 0.749999
1 7725 1
2 7725 7743 0.875 0.125
2 7725 7743 0.75 0.25
2 7725 7743 0.625 0.375
2 7725 7743 0.5 0.5
2 7725 7743 0.375 0.625
2 7725 7743 0.25 0.75
2 7725 7743 0.125 0.875
1 7743 1
2 7743 7804 0.75 0.25
2 7743 7804 0.5 0.5
2 7743 7804 0.25 0.75
1 7804 1
3 7804 7819 7842 0.5 0.25 0.25
2 7819 7842 0.5 0.5
3 7819 7842 7913 0.5 0.250001 0.25
2 7819 7913 0.5 0.5
2 7819 7900 0.5 0.5
3 7819 7887 7900 0.25 0.25 0.5
2 7887 7900 0.5 0.5
3 7887 7900 7948 0.5 0.375 0.125
3 7887 7900 7948 0.5 0.25 0.25
3 7887 7900 7948 0.5 0.125 0.375
2 7887 7948 0.5 0.5
3 7887 7893 7948 0.25 0.25 0.5
2 7893 7948 0.5 0.5
3 7893 7924 7948 0.5 0.25 0.25
2 7893 7924 0.5 0.5
1 7924 1
2 7903 7924 0.25 0.75
2 7903 7924 0.5 0.5
2 7903 7924 0.75 0.25
1 7903 1
2 7903 7909 0.75 0.25
2 7903 7909 0.5 0.5
2 7903 7909 0.25 0.75
1 7909 1
2 7909 8018 0.75 0.25
2 7909 8018 0.5 0.5
2 7909 8018 0.25 0.75
1 8018 1
2 8018 8063 0.75 0.25
2 8018 8063 0.5 0.5
2 8018 8063 0.25 0.75
1 8063 1
2 8036 8063 0.25 0.75
2 8036 8063 0.5 0.5
2 8036 8063 0.75 0.25
1 8036 1
2 7986 8036 0.25 0.75
2 7986 8036 0.5 0.5
2 7986 8036 0.75 0.25
1 7986 1
2 7986 8002 0.75 0.25
2 7986 8002 0.5 0.5
2 7986 8002 0.25 0.75
1 8002 1
2 7933 8002 0.25 0.75
2 7933 8002 0.5 0.5
2 7933 8002 0.75 0.25
1 7933 1
2 7902 7933 0.5 0.5
1 7902 1
2 7902 7908 0.5 0.5
1 7908 1
2 7862 7908 0.25 0.75
2 7862 7908 0.5 0.5
2 7862 7908 0.75 0.25
1 7862 1
2 7724 7862 0.25 0.75
2 7724 7862 0.5 0.5
2 7724 7862 0.75 0.25
1 7724 1
3 7664 7724 8060 0.125 0.75 0.125
3 7664 7724 8060 0.25 0.5 0.25
3 7664 7724 8060 0.375 0.25 0.375
2 7664 8060 0.5 0.5
3 7664 7915 8060 0.5 0.25 0.25
2 7664 7915 0.5 0.5
3 7626 7664 7915 0.25 0.25 0.5
2 7626 7915 0.5 0.5
3 7626 7891 7915 0.374999 0.250002 0.374999
3 7626 7891 7915 0.249999 0.500001 0.249999
3 7626 7891 7915 0.125 0.750001 0.124999
1 7891 1
2 7843 7891 0.25 0.75
2 7843 7891 0.5 0.5
2 7843 7891 0.75 0.25
1 7843 1
2 7835 7843 0.25 0.75
2 7835 7843 0.5 0.5
2 7835 7843 0.75 0.25
1 7835 1
2 7816 7835 0.25 0.75
2 7816 7835 0.5 0.5
2 7816 7835 0.750001 0.249999
1 7816 1
3 7598 7816 7879 0.125 0.75 0.125
3 7598 7816 7879 0.25 0.500001 0.249999
3 7598 7816 7879 0.375 0.25 0.375
2 7598 7879 0.5 0.5
3 7598 7760 7879 0.249999 0.250001 0.5
2 7760 7879 0.5 0.5
3 7760 7852 7879 0.5 0.25 0.25
2 7760 7852 0.5 0.5
2 7733 7852 0.5 0.5
3 7695 7733 7852 0.249999 0.250001 0.5
2 7695 7852 0.5 0.5
3 7695 7794 7852 0.5 0.25 0.25
2 7695 7794 0.5 0.5
3 7689 7695 7794 0.25 0.250001 0.5
2 7689 7794 0.5 0.5
3 7689 7742 7794 0.25 0.25 0.5
2 7742 7794 0.5 0.5
2 7742 7867 0.75 0.25
2 7742 7920 0.75 0.25
3 7740 7742 7920 0.25 0.625 0.125
2 7740 7742 0.5 0.5
1 7740 1
3 7653 7740 7781 0.25 0.500001 0.249999
2 7653 7781 0.5 0.5
2 7653 7766 0.5 0.5
3 7653 7693 7766 0.25 0.25 0.5
2 7693 7766 0.5 0.5
3 7693 7752 7766 0.25 0.5 0.25
1 7752 1
2 7748 7752 0.500001 0.499999
1 7748 1
3 7720 7748 7883 0.125 0.75 0.125
3 7720 7748 7883 0.25 0.5 0.25
3 7720 7748 7883 0.374999 0.250001 0.375
2 7720 7883 0.5 0.5
2 7741 7883 0.5 0.5
3 7741 7800 7883 0.249999 0.500001 0.25
1 7800 1
2 7800 7808 0.5 0.5
1 7808 1
2 7808 7812 0.5 0.5
1 7812 1
2 7812 7824 0.75 0.249999
2 7812 7824 0.5 0.5
2 7812 7824 0.25 0.75
1 7824 1
2 7782 7824 0.125 0.875
2 7782 7824 0.25 0.75
2 7782 7824 0.375 0.625
2 7782 7824 0.5 0.5
2 7782 7824 0.625 0.375
2 7782 7824 0.75 0.25
2 7782 7824 0.875 0.125
1 7782 1
2 7648 7782 0.25 0.75
2 7648 7782 0.5 0.5
2 7648 7782 0.75 0.25
1 7648 1
2 7648 7762 0.875 0.125
2 7648 7762 0.75 0.25
2 7648 7762 0.625 0.375
2 7648 7762 0.5 0.5
2 7648 7762 0.375 0.625
2 7648 7762 0.25 0.75
2 7648 7762 0.125 0.875
1 7762 1
2 7762 7772 0.75 0.25
2 7762 7772 0.5 0.5
2 7762 7772 0.249999 0.750001
1 7772 1
2 7765 7772 0.25 0.75
2 7765 7772 0.5 0.5
2 7765 7772 0.75 0.25
1 7765 1
2 7729 7765 0.25 0.75
2 7729 7765 0.5 0.5
2 7729 7765 0.75 0.25
1 7729 1
2 7702 7729 0.25 0.75
2 7702 7729 0.5 0.5
2 7702 7729 0.75 0.25
1 7702 1
2 7660 7702 0.125 0.875
2 7660 7702 0.25 0.75
2 7660 7702 0.375 0.625
2 7660 7702 0.5 0.5
2 7660 7702 0.625 0.375
2 7660 7702 0.75 0.25
2 7660 7702 0.875 0.125
1 7660 1
2 7660 7661 0.75 0.25
2 7660 7661 0.5 0.5
2 7660 7661 0.25 0.75
1 7661 1
2 7661 7673 0.75 0.25
2 7661 7673 0.5 0.5
2 7661 7673 0.25 0.75
1 7673 1
2 7673 7716 0.5 0.5
1 7716 1
2 7707 7716 0.25 0.75
2 7707 7716 0.5 0.5
2 7707 7716 0.75 0.25
1 7707 1
2 7707 7710 0.75 0.25
2 7707 7710 0.5 0.5
2 7707 7710 0.25 0.75
1 7710 1
2 7644 7710 0.25 0.75
2 7644 7710 0.5 0.5
2 7644 7710 0.75 0.25
1 7644 1
#maximum_hip
339
1 4642 1
2 4596 4642 0.25 0.75
2 4596 4642 0.5 0.5
2 4596 4642 0.750001 0.249999
1 4596 1
3 4539 4596 4623 0.25 0.5 0.25
2 4539 4623 0.5 0.5
3 4539 4619 4623 0.25 0.5 0.25
1 4619 1
1 4615 1
2 4615 4698 0.499999 0.500001
1 4698 1
1 4712 1
2 4696 4712 0.5 0.5
1 4696 1
3 4529 4696 4750 0.124999 0.750001 0.125
3 4529 4696 4750 0.250001 0.499998 0.25
3 4529 4696 4750 0.375 0.249999 0.375
2 4529 4750 0.5 0.5
3 4529 4654 4750 0.375 0.25 0.375
3 4529 4654 4750 0.25 0.5 0.25
3 4529 4654 4750 0.125 0.75 0.125
1 4654 1
3 4482 4654 4681 0.125 0.75 0.125
3 4482 4654 4681 0.25 0.5 0.25
3 4482 4654 4681 0.375 0.25 0.375
2 4482 4681 0.5 0.5
3 4482 4533 4681 0.25 0.25 0.5
2 4533 4681 0.5 0.5
3 4533 4664 4681 0.375 0.25 0.375
3 4533 4664 4681 0.25 0.499999 0.25
3 4533 4664 4681 0.125 0.75 0.125
1 4664 1
3 4533 4664 4729 0.25 0.5 0.25
2 4533 4729 0.5 0.5
3 4533 4597 4729 0.25 0.25 0.5
2 4597 4729 0.5 0.5
3 4597 4659 4729 0.5 0.25 0.25
2 4597 4659 0.5 0.5
3 4597 4616 4659 0.25 0.25 0.5
2 4616 4659 0.500001 0.499999
3 4616 4659 4778 0.5 0.25 0.25
2 4616 4778 0.5 0.5
3 4616 4735 4778 0.5 0.25 0.25
2 4616 4735 0.5 0.5
3 4616 4680 4735 0.249999 0.25 0.500001
2 4680 4735 0.5 0.5
3 4680 4735 4739 0.249999 0.25 0.500001
1 4739 1
3 4679 4739 4804 0.25 0.500001 0.249999
2 4679 4804 0.499999 0.500001
3 4679 4804 4833 0.249999 0.5 0.25
2 4804 4833 0.5 0.5
2 4804 4833 0.25 0.75
1 4833 1
3 4786 4833 4864 0.25 0.500001 0.249999
2 4786 4864 0.5 0.5
3 4786 4864 4888 0.499999 0.250001 0.25
2 4786 4888 0.499999 0.500001
3 4786 4888 4910 0.5 0.25 0.25
2 4786 4910 0.5 0.5
3 4786 4790 4910 0.25 0.25 0.5
2 4790 4910 0.500001 0.499999
3 4790 4899 4910 0.25 0.5 0.249999
1 4899 1
3 4779 4899 5044 0.125 0.750001 0.124999
3 4779 4899 5044 0.25 0.5 0.249999
3 4779 4899 5044 0.374999 0.250001 0.375
2 4779 5044 0.5 0.5
3 4779 4844 5044 0.25 0.25 0.5
2 4844 5044 0.5 0.5
2 4844 4988 0.5 0.5
3 4808 4844 4988 0.125 0.249999 0.625
2 4808 4988 0.25 0.75
3 4808 4988 5033 0.124989 0.624987 0.250025
2 4988 5033 0.499999 0.500001
3 4988 5011 5033 0.25 0.5 0.25
1 5011 1
2 4963 5011 0.500001 0.499999
1 4963 1
2 4963 5015 0.75 0.25
2 4963 5015 0.5 0.5
2 4963 5015 0.249999 0.750001
1 5015 1
3 4918 5015 5105 0.25 0.5 0.25
2 4918 5105 0.5 0.5
3 4918 5047 5105 0.250001 0.25 0.499999
3 4918 5047 5105 0.25 0.5 0.25
2 4918 5047 0.25 0.75
1 5047 1
2 5013 5047 0.25 0.75
2 5013 5047 0.5 0.5
2 5013 5047 0.75 0.25
1 5013 1
2 4911 5013 0.25 0.75
3 4911 5013 5045 0.25 0.5 0.249999
3 4911 5013 5045 0.499999 0.25 0.25
2 4911 5045 0.75 0.25
2 4911 5001 0.75 0.25
3 4835 4911 5001 0.25 0.5 0.249999
3 4835 4911 5001 0.5 0.25 0.250001
2 4835 5001 0.75 0.25
2 4835 5005 0.749999 0.250001
3 4832 4835 5005 0.25 0.5 0.25
3 4832 4835 5005 0.5 0.25 0.25
2 4832 5005 0.75 0.25
3 4832 4990 5005 0.625 0.249999 0.125
2 4832 4990 0.5 0.499999
3 4826 4832 4990 0.25 0.25 0.5
2 4826 4990 0.5 0.5
3 4826 4990 5032 0.625 0.25 0.125
2 4826 5032 0.75 0.25
3 4826 4973 5032 0.625 0.25 0.125
2 4826 4973 0.5 0.5
3 4826 4879 4973 0.25 0.25 0.5
2 4879 4973 0.5 0.5
3 4879 4934 4973 0.25 0.5 0.25
1 4934 1
2 4934 4967 0.750001 0.249999
2 4934 4967 0.5 0.5
2 4934 4967 0.25 0.75
1 4967 1
2 4965 4967 0.25 0.75
2 4965 4967 0.5 0.5
2 4965 4967 0.75 0.25
1 4965 1
3 4797 4965 4993 0.25 0.5 0.25
2 4797 4993 0.5 0.5
3 4797 4922 4993 0.5 0.25 0.25
2 4797 4922 0.5 0.5
3 4797 4818 4922 0.25 0.249999 0.500001
2 4818 4922 0.5 0.5
3 4774 4818 4922 0.25 0.25 0.5
2 4774 4922 0.5 0.5
3 4774 4922 4951 0.5 0.25 0.25
2 4774 4951 0.5 0.5
3 4774 4854 4951 0.25 0.25 0.5
2 4854 4951 0.5 0.5
3 4854 4951 5000 0.5 0.25 0.25
2 4854 5000 0.5 0.5
3 4854 4952 5000 0.500001 0.25 0.249999
2 4854 4952 0.5 0.5
3 4791 4854 4952 0.25 0.25 0.5
2 4791 4952 0.5 0.5
3 4791 4802 4952 0.250001 0.25 0.5
2 4802 4952 0.5 0.5
3 4802 4895 4952 0.375 0.249999 0.375001
3 4802 4895 4952 0.249999 0.5 0.25
3 4802 4895 4952 0.125 0.75 0.125
1 4895 1
2 4850 4895 0.125 0.875
2 4850 4895 0.25 0.75
2 4850 4895 0.375 0.625
2 4850 4895 0.5 0.5
2 4850 4895 0.625 0.375
2 4850 4895 0.749999 0.250001
2 4850 4895 0.875 0.125
1 4850 1
2 4813 4850 0.25 0.75
2 4813 4850 0.5 0.5
2 4813 4850 0.75 0.25
1 4813 1
2 4813 4828 0.75 0.25
2 4813 4828 0.5 0.5
2 4813 4828 0.25 0.75
1 4828 1
2 4828 4857 0.875 0.125
2 4828 4857 0.75 0.25
2 4828 4857 0.625 0.375
2 4828 4857 0.5 0.5
2 4828 4857 0.375 0.625
2 4828 4857 0.25 0.75
2 4828 4857 0.125 0.875
1 4857 1
2 4837 4857 0.25 0.75
2 4837 4857 0.5 0.5
2 4837 4857 0.75 0.25
1 4837 1
2 4837 4930 0.750001 0.249999
2 4837 4930 0.5 0.5
2 4837 4930 0.25 0.75
1 4930 1
2 4930 4932 0.75 0.25
2 4930 4932 0.5 0.5
2 4930 4932 0.25 0.75
1 4932 1
2 4932 4960 0.75 0.25
2 4932 4960 0.5 0.5
2 4932 4960 0.25 0.75
1 4960 1
2 4904 4960 0.25 0.75
2 4904 4960 0.5 0.5
2 4904 4960 0.75 0.25
1 4904 1
2 4859 4904 0.25 0.75
2 4859 4904 0.5 0.5
2 4859 4904 0.75 0.25
1 4859 1
3 4764 4859 4896 0.125 0.75 0.125
3 4764 4859 4896 0.249999 0.5 0.25
3 4764 4859 4896 0.375 0.25 0.375
2 4764 4896 0.5 0.5
3 4764 4798 4896 0.25 0.250001 0.499999
2 4798 4896 0.5 0.5
2 4798 4921 0.499999 0.500001
3 4798 4868 4921 0.25 0.25 0.500001
3 4798 4868 4921 0.25 0.5 0.25
2 4798 4868 0.25 0.75
1 4868 1
2 4845 4868 0.25 0.75
2 4845 4868 0.5 0.5
2 4845 4868 0.75 0.25
1 4845 1
2 4845 4900 0.75 0.25
2 4845 4900 0.5 0.5
2 4845 4900 0.25 0.75
1 4900 1
2 4862 4900 0.125 0.875
2 4862 4900 0.25 0.75
2 4862 4900 0.375 0.625
2 4862 4900 0.5 0.5
2 4862 4900 0.625 0.375
2 4862 4900 0.75 0.25
2 4862 4900 0.875 0.125
1 4862 1
2 4862 5034 0.875 0.125
2 4862 5034 0.75 0.25
2 4862 5034 0.625 0.375
2 4862 5034 0.5 0.5
2 4862 5034 0.375 0.625
2 4862 5034 0.25 0.75
2 4862 5034 0.125 0.875
1 5034 1
2 4903 5034 0.25 0.75
2 4903 5034 0.5 0.5
2 4903 5034 0.75 0.25
1 4903 1
3 4753 4843 4903 0.125001 0.125 0.75
3 4753 4843 4903 0.25 0.25 0.5
3 4753 4843 4903 0.375 0.375 0.25
2 4753 4843 0.5 0.5
3 4653 4753 4843 0.125001 0.249999 0.625
2 4653 4843 0.25 0.75
3 4653 4742 4843 0.125001 0.25 0.625
2 4742 4843 0.5 0.5
3 4742 4843 4856 0.374995 0.374992 0.250013
3 4742 4843 4856 0.249991 0.24999 0.500019
3 4742 4843 4856 0.124999 0.124999 0.750003
1 4856 1
2 4839 4856 0.25 0.75
2 4839 4856 0.5 0.5
2 4839 4856 0.75 0.25
1 4839 1
2 4839 4902 0.75 0.25
2 4839 4902 0.5 0.5
2 4839 4902 0.25 0.75
1 4902 1
2 4902 4913 0.750001 0.249999
2 4902 4913 0.5 0.499999
2 4902 4913 0.25 0.75
1 4913 1
2 4909 4913 0.25 0.75
2 4909 4913 0.499999 0.500001
2 4909 4913 0.75 0.25
1 4909 1
2 4891 4909 0.5 0.5
1 4891 1
2 4891 4940 0.75 0.25
2 4891 4940 0.5 0.5
2 4891 4940 0.250001 0.749999
1 4940 1
2 4937 4940 0.125 0.875
2 4937 4940 0.25 0.75
2 4937 4940 0.375 0.625
2 4937 4940 0.5 0.5
2 4937 4940 0.625 0.375
2 4937 4940 0.75 0.25
2 4937 4940 0.875 0.125
1 4937 1
2 4929 4937 0.25 0.75
2 4929 4937 0.5 0.5
2 4929 4937 0.75 0.25
1 4929 1
2 4847 4929 0.25 0.75
2 4847 4929 0.499999 0.500001
2 4847 4929 0.749999 0.250001
1 4847 1
2 4831 4847 0.25 0.75
2 4831 4847 0.5 0.5
2 4831 4847 0.75 0.25
1 4831 1
2 4785 4831 0.25 0.75
2 4785 4831 0.5 0.5
2 4785 4831 0.75 0.25
1 4785 1
3 4761 4785 4936 0.25 0.5 0.25
2 4761 4936 0.499999 0.500001
3 4761 4812 4936 0.25 0.25 0.5
2 4812 4936 0.5 0.5
2 4812 4936 0.75 0.25
1 4812 1
3 4682 4812 4881 0.125 0.75 0.125
3 4682 4812 4881 0.25 0.5 0.25
3 4682 4812 4881 0.374999 0.250001 0.375
2 4682 4881 0.5 0.5
3 4682 4824 4881 0.375 0.250001 0.375
3 4682 4824 4881 0.25 0.5 0.25
3 4682 4824 4881 0.125 0.75 0.125001
1 4824 1
2 4805 4824 0.5 0.5
1 4805 1
2 4771 4805 0.25 0.75
2 4771 4805 0.5 0.5
2 4771 4805 0.75 0.25
1 4771 1
2 4771 4782 0.75 0.25
2 4771 4782 0.5 0.5
2 4771 4782 0.25 0.75
1 4782 1
2 4767 4782 0.5 0.5
1 4767 1
1 4769 1
2 4722 4762 0.5 0.5
3 4722 4738 4762 0.250001 0.5 0.25
1 4738 1
2 4706 4738 0.5 0.5
1 4706 1
2 4624 4706 0.25 0.75
3 4624 4706 4730 0.250001 0.500001 0.249999
3 4624 4706 4730 0.25 0.25 0.5
2 4624 4730 0.5 0.5
3 4624 4650 4730 0.249999 0.5 0.25
1 4650 1
3 4575 4650 4670 0.25 0.5 0.25
2 4575 4670 0.5 0.5
3 4575 4612 4670 0.25 0.5 0.25
1 4612 1
2 4612 4642 0.5 0.5
1 4642 1
#natural_waist_rise
336
1 8491 1
2 8166 8491 0.125 0.875
2 8166 8491 0.25 0.75
2 8166 8491 0.375 0.625
2 8166 8491 0.5 0.5
2 8166 8491 0.625 0.375
2 8166 8491 0.75 0.25
2 8166 8491 0.875 0.125
1 8166 1
2 7916 8166 0.125 0.875
2 7916 8166 0.25 0.75
2 7916 8166 0.375 0.625
2 7916 8166 0.5 0.5
2 7916 8166 0.625 0.375
2 7916 8166 0.75 0.25
2 7916 8166 0.875 0.125
1 7916 1
2 7843 7916 0.25 0.75
2 7843 7916 0.5 0.5
2 7843 7916 0.75 0.25
1 7843 1
2 7639 7843 0.25 0.75
2 7639 7843 0.5 0.5
2 7639 7843 0.75 0.25
1 7639 1
2 7535 7639 0.25 0.75
2 7535 7639 0.5 0.5
2 7535 7639 0.75 0.25
1 7535 1
3 7376 7501 7535 0.125 0.125 0.75
3 7376 7501 7535 0.25 0.25 0.5
3 7376 7501 7535 0.375 0.374999 0.25
2 7376 7501 0.5 0.5
3 7219 7376 7501 0.25 0.25 0.5
3 7219 7376 7501 0.375 0.25 0.375
3 7219 7376 7501 0.5 0.25 0.25
2 7219 7501 0.75 0.25
2 7219 7501 0.875 0.125
1 7219 1
2 7134 7219 0.125 0.875
2 7134 7219 0.25 0.75
2 7134 7219 0.375 0.625
2 7134 7219 0.5 0.5
2 7134 7219 0.625 0.375
2 7134 7219 0.75 0.25
2 7134 7219 0.875 0.125
1 7134 1
2 6954 7134 0.25 0.75
2 6954 7134 0.5 0.5
2 6954 7134 0.75 0.25
1 6954 1
2 6924 6954 0.500001 0.499999
1 6924 1
3 6889 6924 6932 0.375 0.500001 0.124999
3 6889 6924 6932 0.5 0.375 0.125
3 6889 6924 6932 0.624999 0.250001 0.125
2 6889 6932 0.875 0.125
2 6872 6889 0.125 0.875
2 6860 6889 0.25 0.75
2 6832 6889 0.500001 0.499999
2 6832 6888 0.875 0.125
2 6802 6832 0.25 0.75
3 6784 6802 6832 0.25 0.25 0.5
2 6784 6802 0.5 0.5
2 6742 6784 0.375 0.625
3 6700 6742 6784 0.250001 0.25 0.499999
3 6700 6742 6784 0.499999 0.125001 0.375
2 6700 6784 0.75 0.25
2 6700 6777 0.875 0.125
2 6700 6708 0.875 0.125
3 6656 6700 6708 0.125001 0.749999 0.125
3 6656 6700 6708 0.249997 0.625002 0.125001
3 6656 6700 6708 0.374998 0.500002 0.125001
3 6656 6700 6708 0.500001 0.374999 0.125
3 6656 6700 6708 0.625001 0.249999 0.125
3 6656 6700 6708 0.750001 0.124999 0.125
2 6656 6708 0.875 0.125
2 6656 6661 0.75 0.25
2 6573 6656 0.375 0.625
3 6508 6573 6656 0.124999 0.375 0.5
2 6508 6573 0.5 0.5
3 6441 6508 6573 0.250001 0.375 0.375
3 6441 6508 6573 0.5 0.25 0.25
3 6441 6508 6573 0.75 0.125 0.125
1 6441 1
2 6262 6441 0.250001 0.749999
2 6262 6441 0.500001 0.499999
2 6262 6441 0.75 0.25
1 6262 1
2 6094 6262 0.25 0.75
2 6094 6262 0.5 0.5
2 6094 6262 0.75 0.25
1 6094 1
2 5865 6094 0.25 0.75
2 5865 6094 0.5 0.5
2 5865 6094 0.75 0.25
1 5865 1
2 5694 5865 0.25 0.75
2 5694 5865 0.5 0.5
2 5694 5865 0.75 0.25
1 5694 1
3 5499 5645 5694 0.125 0.125 0.750001
3 5499 5645 5694 0.249999 0.25 0.5
3 5499 5645 5694 0.375 0.375 0.25
2 5499 5645 0.5 0.5
3 5499 5511 5645 0.5 0.25 0.249999
2 5499 5511 0.5 0.5
3 5343 5499 5511 0.249999 0.375001 0.375
3 5343 5499 5511 0.5 0.25 0.25
3 5343 5499 5511 0.750001 0.124999 0.125
1 5343 1
2 5166 5343 0.25 0.75
2 5166 5343 0.499999 0.500001
2 5166 5343 0.75 0.25
1 5166 1
3 5012 5038 5166 0.125 0.125 0.750001
3 5012 5038 5166 0.250001 0.25 0.499999
3 5012 5038 5166 0.375 0.375 0.25
2 5012 5038 0.5 0.5
3 4919 5012 5038 0.250001 0.375 0.374999
3 4919 5012 5038 0.499998 0.250001 0.250001
3 4919 5012 5038 0.75 0.125 0.125
1 4919 1
2 4857 4919 0.499999 0.500001
1 4857 1
3 4760 4775 4857 0.125 0.125 0.749999
3 4760 4775 4857 0.25 0.25 0.5
3 4760 4775 4857 0.374999 0.375 0.250001
2 4760 4775 0.5 0.5
3 4728 4760 4775 0.250002 0.374999 0.374999
3 4728 4760 4775 0.5 0.25 0.250001
3 4728 4760 4775 0.750002 0.124999 0.124999
1 4728 1
2 4669 4728 0.25 0.75
2 4669 4728 0.5 0.5
2 4669 4728 0.75 0.25
1 4669 1
2 4620 4669 0.500001 0.499999
1 4620 1
2 4553 4620 0.249999 0.750001
2 4553 4620 0.5 0.5
2 4553 4620 0.750001 0.249999
1 4553 1
2 4486 4553 0.499999 0.500001
1 4486 1
2 4320 4486 0.125 0.875
2 4320 4486 0.25 0.75
2 4320 4486 0.375 0.625
2 4320 4486 0.5 0.5
2 4320 4486 0.625 0.375
2 4320 4486 0.75 0.25
2 4320 4486 0.875 0.125
1 4320 1
2 4206 4320 0.125 0.875
2 4206 4320 0.25 0.75
2 4206 4320 0.375 0.625
2 4206 4320 0.5 0.5
2 4206 4320 0.625 0.375
2 4206 4320 0.750001 0.249999
2 4206 4320 0.875 0.125
1 4206 1
2 4169 4206 0.5 0.5
1 4169 1
2 4122 4169 0.25 0.75
2 4122 4169 0.5 0.5
2 4122 4169 0.75 0.25
1 4122 1
2 4122 12498 0.875 0.125
2 4122 12498 0.75 0.25
2 4122 12498 0.625 0.375
2 4122 12498 0.5 0.5
2 4122 12498 0.375 0.625
2 4122 12498 0.25 0.75
2 4122 12498 0.125 0.875
1 12498 1
2 12492 12498 0.125 0.875
2 12492 12498 0.25 0.75
2 12492 12498 0.375 0.625
2 12492 12498 0.5 0.5
2 12492 12498 0.625 0.375
2 12492 12498 0.75 0.25
2 12492 12498 0.875 0.125
1 12492 1
2 12490 12492 0.25 0.75
2 12490 12492 0.5 0.5
2 12490 12492 0.75 0.25
1 12490 1
2 12486 12490 0.5 0.5
1 12486 1
3 4257 4289 12486 0.25 0.25 0.500001
2 4257 4289 0.5 0.5
2 4257 4337 0.5 0.5
3 4257 4323 4337 0.25 0.25 0.5
2 4323 4337 0.5 0.5
3 4323 4337 4354 0.25 0.25 0.5
1 4354 1
2 4354 4394 0.500001 0.499999
1 4394 1
2 4394 4490 0.5 0.5
1 4490 1
2 4490 4564 0.5 0.5
1 4564 1
2 4564 4642 0.749999 0.250001
2 4564 4642 0.5 0.5
2 4564 4642 0.25 0.75
1 4642 1
2 4642 4732 0.875 0.125
2 4642 4732 0.75 0.25
2 4642 4732 0.625 0.375
2 4642 4732 0.5 0.5
2 4642 4732 0.375 0.625
2 4642 4732 0.25 0.75
2 4642 4732 0.125 0.875
1 4732 1
2 4732 4933 0.75 0.25
2 4732 4933 0.5 0.5
2 4732 4933 0.25 0.75
1 4933 1
2 4933 5060 0.75 0.25
2 4933 5060 0.499999 0.500001
2 4933 5060 0.25 0.75
1 5060 1
2 5060 5158 0.5 0.5
1 5158 1
3 5158 5261 5281 0.75 0.125 0.125
3 5158 5261 5281 0.499999 0.25 0.250001
3 5158 5261 5281 0.25 0.375 0.375
2 5261 5281 0.5 0.5
3 5261 5281 5412 0.375001 0.375001 0.249997
3 5261 5281 5412 0.25 0.25 0.5
3 5261 5281 5412 0.124999 0.124998 0.750003
1 5412 1
2 5412 5530 0.5 0.5
1 5530 1
2 5530 5695 0.75 0.25
2 5530 5695 0.5 0.5
2 5530 5695 0.25 0.75
1 5695 1
2 5695 5985 0.75 0.25
2 5695 5985 0.5 0.5
2 5695 5985 0.25 0.75
1 5985 1
3 5985 6058 6065 0.499999 0.25 0.25
2 6058 6065 0.5 0.5
2 6065 6110 0.625 0.375
3 6065 6110 6121 0.5 0.25 0.250001
3 6065 6110 6121 0.374999 0.124999 0.500002
2 6065 6121 0.25 0.75
2 6100 6121 0.125 0.875
2 6121 6153 0.875 0.125
2 6121 6202 0.5 0.5
1 6202 1
2 6202 6263 0.5 0.5
1 6263 1
3 6263 6316 6354 0.750001 0.125 0.125
3 6263 6316 6354 0.5 0.25 0.25
3 6263 6316 6354 0.249999 0.375 0.375
2 6316 6354 0.5 0.5
3 6316 6354 6358 0.249999 0.5 0.250001
2 6354 6358 0.5 0.5
3 6354 6358 6411 0.375 0.375 0.249999
3 6354 6358 6411 0.25 0.249999 0.500001
3 6354 6358 6411 0.125 0.125 0.75
1 6411 1
2 6411 6515 0.75 0.25
2 6411 6515 0.5 0.5
2 6411 6515 0.25 0.75
1 6515 1
3 6515 6686 6715 0.75 0.125 0.125
3 6515 6686 6715 0.5 0.25 0.25
3 6515 6686 6715 0.25 0.375 0.375
2 6686 6715 0.5 0.5
2 6686 6810 0.5 0.5
3 6686 6810 6814 0.25 0.5 0.25
2 6810 6814 0.5 0.5
3 6810 6814 6917 0.375 0.375 0.25
3 6810 6814 6917 0.25 0.25 0.5
3 6810 6814 6917 0.125 0.125 0.75
1 6917 1
3 6917 6937 6996 0.75 0.125 0.125
3 6917 6937 6996 0.5 0.25 0.25
3 6917 6937 6996 0.25 0.375 0.375
2 6937 6996 0.5 0.5
2 6996 7033 0.625 0.375
3 6996 7033 7062 0.5 0.25 0.25
3 6996 7033 7062 0.375 0.125 0.5
2 6996 7062 0.25 0.75
2 7051 7062 0.25 0.75
3 7051 7062 7119 0.125 0.625 0.25
2 7062 7119 0.5 0.5
3 7062 7111 7119 0.25 0.5 0.25
1 7111 1
2 7111 7211 0.75 0.25
2 7111 7211 0.5 0.5
3 7111 7180 7211 0.25 0.25 0.5
2 7180 7211 0.5 0.5
2 7180 7242 0.5 0.5
2 7242 7247 0.5 0.5
2 7242 7279 0.5 0.5
3 7242 7279 7334 0.25 0.25 0.5
1 7334 1
3 7334 7377 7382 0.75 0.125 0.125
3 7334 7377 7382 0.5 0.25 0.25
3 7334 7377 7382 0.25 0.375 0.375
2 7377 7382 0.5 0.5
3 7377 7382 7481 0.375 0.375 0.25
3 7377 7382 7481 0.25 0.25 0.5
3 7377 7382 7481 0.125 0.125 0.75
1 7481 1
2 7481 7591 0.75 0.25
2 7481 7591 0.5 0.5
2 7481 7591 0.25 0.75
1 7591 1
2 7591 7769 0.5 0.5
1 7769 1
3 7769 7821 7919 0.5 0.25 0.25
2 7821 7919 0.5 0.5
2 7919 7934 0.5 0.5
3 7919 7934 8048 0.25 0.5 0.25
2 7934 8048 0.5 0.5
3 7934 8048 8109 0.375 0.375 0.25
3 7934 8048 8109 0.25 0.25 0.500001
3 7934 8048 8109 0.125 0.125 0.75
1 8109 1
2 8109 8237 0.75 0.249999
2 8109 8237 0.5 0.5
2 8109 8237 0.25 0.75
1 8237 1
2 8237 8489 0.75 0.25
2 8237 8489 0.5 0.5
2 8237 8489 0.25 0.75
1 8489 1
2 8489 8587 0.75 0.25
2 8489 8587 0.5 0.5
2 8489 8587 0.25 0.75
1 8587 1
#shoulder_to_midhand
171
1 10886 1
3 10854 10886 10904 0.25 0.5 0.25
2 10854 10904 0.5 0.5
3 10827 10854 10904 0.125 0.5 0.375
3 10827 10854 10904 0.250001 0.499999 0.25
3 10827 10854 10904 0.375002 0.499999 0.124999
2 10827 10854 0.500001 0.499999
2 10809 10827 0.499999 0.500001
3 10777 10809 10827 0.25 0.499999 0.250001
2 10777 10809 0.499999 0.500001
3 10686 10777 10809 0.250001 0.249998 0.500001
2 10686 10809 0.5 0.5
3 10686 10699 10809 0.499999 0.250001 0.25
2 10686 10699 0.499999 0.500001
3 10576 10686 10699 0.249999 0.250003 0.499998
2 10576 10699 0.499999 0.500001
2 10576 10699 0.749999 0.250001
1 10576 1
2 10462 10576 0.25 0.75
2 10462 10576 0.499999 0.500001
2 10462 10576 0.75 0.25
1 10462 1
2 10392 10462 0.125 0.875
2 10392 10462 0.25 0.75
2 10392 10462 0.375 0.625
2 10392 10462 0.499999 0.500001
2 10392 10462 0.624999 0.375001
2 10392 10462 0.749999 0.250001
2 10392 10462 0.874999 0.125001
1 10392 1
2 10336 10392 0.249999 0.750001
2 10336 10392 0.5 0.5
2 10336 10392 0.750001 0.249999
1 10336 1
2 10264 10336 0.25 0.75
2 10264 10336 0.5 0.5
2 10264 10336 0.75 0.25
1 10264 1
2 10196 10264 0.25 0.75
2 10196 10264 0.5 0.5
2 10196 10264 0.75 0.25
1 10196 1
2 10121 10196 0.25 0.75
2 10121 10196 0.5 0.5
2 10121 10196 0.75 0.25
1 10121 1
2 9979 10121 0.125 0.875
2 9979 10121 0.25 0.75
2 9979 10121 0.375 0.625
2 9979 10121 0.5 0.5
2 9979 10121 0.625 0.375
2 9979 10121 0.75 0.25
2 9979 10121 0.875 0.125
1 9979 1
2 9755 9979 0.25 0.75
2 9755 9979 0.5 0.5
2 9755 9979 0.749999 0.250001
1 9755 1
2 9609 9755 0.125 0.875
2 9609 9755 0.25 0.75
2 9609 9755 0.375 0.625
2 9609 9755 0.5 0.5
2 9609 9755 0.625 0.375
2 9609 9755 0.75 0.25
2 9609 9755 0.875 0.125
1 9609 1
2 9483 9609 0.125 0.875
2 9483 9609 0.25 0.75
2 9483 9609 0.375 0.625
2 9483 9609 0.5 0.5
2 9483 9609 0.625 0.375
2 9483 9609 0.75 0.25
2 9483 9609 0.875 0.125
1 9483 1
2 9293 9483 0.125 0.875
2 9293 9483 0.25 0.75
2 9293 9483 0.375 0.625
2 9293 9483 0.5 0.5
2 9293 9483 0.625 0.375
2 9293 9483 0.75 0.25
2 9293 9483 0.875 0.125
1 9293 1
2 9147 9293 0.25 0.75
2 9147 9293 0.5 0.5
2 9147 9293 0.75 0.25
1 9147 1
2 9080 9147 0.25 0.75
2 9080 9147 0.5 0.5
2 9080 9166 0.75 0.25
3 8942 9080 9166 0.250001 0.499999 0.250001
3 8942 9080 9166 0.5 0.25 0.25
2 8942 9166 0.75 0.25
2 8942 9022 0.75 0.25
2 8878 8942 0.499999 0.500001
2 8729 8878 0.125 0.875
2 8698 8878 0.25 0.75
3 8698 8769 8878 0.250005 0.249991 0.500004
3 8698 8769 8878 0.250003 0.499994 0.250002
3 8698 8769 8878 0.124994 0.75001 0.124996
1 8769 1
2 8533 8769 0.125 0.875
2 8533 8769 0.25 0.75
2 8533 8769 0.375 0.625
2 8533 8769 0.5 0.5
2 8533 8769 0.625 0.375
2 8533 8769 0.75 0.25
2 8533 8769 0.875 0.125
1 8533 1
2 8350 8533 0.25 0.75
2 8350 8533 0.5 0.5
2 8350 8533 0.75 0.25
1 8350 1
2 8121 8350 0.125 0.875
2 8121 8350 0.25 0.75
2 8121 8350 0.375 0.625
2 8121 8350 0.5 0.5
2 8121 8350 0.625 0.375
2 8121 8350 0.75 0.25
2 8121 8350 0.875 0.125
1 8121 1
2 7963 8121 0.125 0.875
2 7963 8121 0.25 0.75
2 7963 8121 0.375 0.625
2 7963 8121 0.5 0.5
2 7963 8121 0.625 0.375
2 7963 8121 0.75 0.25
2 7963 8121 0.875 0.125
1 7963 1
2 7701 7963 0.125 0.875
2 7701 7963 0.25 0.75
2 7701 7963 0.375 0.625
2 7701 7963 0.5 0.5
2 7701 7963 0.625 0.375
2 7701 7963 0.75 0.25
2 7701 7963 0.875 0.125
1 7701 1
2 7443 7701 0.125 0.875
2 7443 7701 0.25 0.75
2 7443 7701 0.375 0.625
2 7443 7701 0.5 0.5
2 7443 7701 0.625 0.375
2 7443 7701 0.750001 0.249999
2 7443 7701 0.875001 0.124999
1 7443 1
2 7397 7443 0.25 0.75
2 7397 7443 0.500001 0.499999
2 7397 7443 0.75 0.25
1 7397 1
2 7072 7397 0.125 0.875
2 7072 7397 0.25 0.75
2 7072 7397 0.375 0.625
2 7072 7397 0.5 0.5
2 7072 7397 0.625 0.375
2 7072 7397 0.75 0.25
2 7072 7397 0.875 0.125
1 7072 1
3 6898 7072 7179 0.124999 0.750001 0.124999
3 6898 7072 7179 0.249999 0.500003 0.249998
3 6898 7072 7179 0.374999 0.375003 0.249999
3 6898 7072 7179 0.499999 0.250002 0.249999
3 6898 7072 7179 0.624999 0.125002 0.249999
2 6898 7179 0.75 0.25
2 6898 7131 0.75 0.25
3 6898 6901 7131 0.624996 0.250005 0.125
2 6898 6901 0.499999 0.500001
2 6847 6901 0.5 0.5
2 6803 6847 0.5 0.5
2 6711 6803 0.5 0.5
2 6711 6748 0.500001 0.499999
3 6621 6711 6748 0.499999 0.250002 0.25
1 6621 1
#mid_upper_arm
136
1 9821 1
2 9821 9829 0.75 0.25
2 9821 9829 0.499999 0.500001
2 9821 9829 0.25 0.75
1 9829 1
2 9829 9888 0.75 0.25
2 9829 9888 0.5 0.5
2 9829 9888 0.25 0.75
1 9888 1
2 9888 10000 0.75 0.25
2 9888 10000 0.499999 0.500001
2 9888 10000 0.249999 0.750001
1 10000 1
2 9967 10000 0.25 0.75
2 9967 10000 0.5 0.5
2 9967 10000 0.75 0.25
1 9967 1
3 9967 9979 10121 0.750002 0.124999 0.124999
3 9967 9979 10121 0.500001 0.25 0.249999
3 9967 9979 10121 0.25 0.375 0.375
2 9979 10121 0.5 0.5
3 9979 10100 10121 0.375 0.250001 0.374999
3 9979 10100 10121 0.25 0.499999 0.250001
3 9979 10100 10121 0.125001 0.749998 0.125001
1 10100 1
2 10100 10104 0.5 0.5
1 10104 1
3 10093 10104 10155 0.250001 0.499999 0.25
2 10093 10155 0.499999 0.500001
3 10093 10132 10155 0.25 0.499999 0.250001
1 10132 1
3 10028 10132 10159 0.125 0.5 0.375
3 10028 10132 10159 0.125001 0.374993 0.500005
2 10028 10159 0.25 0.75
2 10050 10159 0.375 0.625
3 10050 10116 10159 0.375 0.124996 0.500004
3 10050 10116 10159 0.375 0.25 0.375
3 10050 10116 10159 0.375 0.5 0.124999
2 10050 10116 0.375 0.625
2 10008 10116 0.5 0.5
3 10008 10116 10152 0.500001 0.249998 0.250001
2 10008 10152 0.5 0.5
3 10008 10077 10152 0.375 0.25 0.375
3 10008 10077 10152 0.25 0.499999 0.25
3 10008 10077 10152 0.125 0.749999 0.125001
1 10077 1
2 10033 10077 0.5 0.5
1 10033 1
2 10033 10072 0.75 0.25
2 10033 10072 0.5 0.5
2 10033 10072 0.25 0.75
1 10072 1
2 10016 10072 0.250001 0.749999
2 10016 10072 0.5 0.5
2 10016 10072 0.749999 0.250001
1 10016 1
3 9937 10016 10053 0.125 0.75 0.125
3 9937 10016 10053 0.25 0.5 0.25
3 9937 10016 10053 0.375 0.249999 0.375001
2 9937 10053 0.5 0.5
3 9937 9942 10053 0.374999 0.250001 0.375
3 9937 9942 10053 0.25 0.5 0.25
3 9937 9942 10053 0.124999 0.750001 0.125
1 9942 1
3 9860 9942 9991 0.125 0.75 0.125
3 9860 9942 9991 0.249999 0.625001 0.125
3 9860 9942 9991 0.375 0.5 0.125
3 9860 9942 9991 0.5 0.25 0.25
2 9860 9991 0.75 0.25
3 9822 9860 9991 0.375 0.5 0.125
3 9822 9860 9991 0.5 0.375 0.125
1 9822 1
2 9812 9822 0.500001 0.499999
1 9812 1
3 9525 9803 9812 0.125 0.375 0.5
3 9525 9803 9812 0.125 0.500001 0.375
2 9525 9803 0.25 0.75
2 9395 9803 0.25 0.75
3 9395 9599 9803 0.125001 0.249998 0.625001
2 9599 9803 0.5 0.5
2 9599 9835 0.625 0.375
2 9599 9873 0.75 0.25
3 9599 9768 9873 0.625 0.25 0.125
2 9599 9768 0.5 0.5
3 9599 9628 9768 0.249999 0.25 0.5
2 9628 9768 0.5 0.5
2 9628 9727 0.75 0.25
3 9628 9674 9727 0.499999 0.250002 0.249999
3 9628 9674 9727 0.249999 0.500001 0.249999
2 9674 9727 0.75 0.25
1 9674 1
2 9622 9674 0.25 0.75
2 9622 9674 0.5 0.5
2 9622 9674 0.749999 0.250001
1 9622 1
3 9544 9622 9671 0.25 0.5 0.25
2 9544 9671 0.5 0.5
2 9544 9692 0.5 0.5
3 9544 9654 9692 0.250001 0.25 0.499999
2 9654 9692 0.5 0.5
3 9654 9692 9705 0.375 0.375001 0.249999
3 9654 9692 9705 0.25 0.25 0.5
3 9654 9692 9705 0.125 0.125 0.75
1 9705 1
2 9705 9711 0.875 0.125
2 9705 9711 0.75 0.25
2 9705 9711 0.625 0.375
2 9705 9711 0.5 0.5
2 9705 9711 0.375 0.625
2 9705 9711 0.25 0.75
2 9705 9711 0.125 0.875
1 9711 1
2 9711 9716 0.75 0.25
2 9711 9716 0.5 0.5
2 9711 9716 0.25 0.75
1 9716 1
3 9675 9716 9827 0.124999 0.750001 0.125
3 9675 9716 9827 0.25 0.5 0.25
3 9675 9716 9827 0.375 0.249999 0.375001
2 9675 9827 0.5 0.5
3 9601 9675 9827 0.125 0.25 0.625
2 9601 9827 0.25 0.75
3 9601 9827 9866 0.25 0.5 0.25
3 9601 9827 9866 0.25 0.250002 0.499999
2 9601 9866 0.25 0.75
3 9601 9684 9866 0.125002 0.249997 0.625001
2 9684 9866 0.375 0.625
3 9684 9781 9866 0.250001 0.249999 0.5
3 9684 9781 9866 0.125 0.5 0.375
2 9781 9866 0.75 0.25
2 9781 9954 0.875 0.125
2 9781 9969 0.875 0.125
2 9781 9828 0.5 0.5
2 9630 9828 0.125 0.875
2 9821 9828 0.499999 0.500001
1 9821 1
#wrist
52
1 6640 1
2 6640 6647 0.75 0.25
2 6640 6647 0.5 0.5
2 6640 6647 0.250001 0.749999
1 6647 1
2 6591 6647 0.249999 0.750001
2 6591 6647 0.499999 0.500001
2 6591 6647 0.750001 0.249999
1 6591 1
2 6591 6621 0.500001 0.499999
1 6621 1
2 6621 6711 0.499999 0.500001
1 6711 1
2 6711 6732 0.500002 0.499998
1 6732 1
2 6732 6750 0.499999 0.500001
1 6750 1
2 6681 6750 0.500002 0.499998
1 6681 1
2 6668 6681 0.499999 0.500001
1 6668 1
2 6668 6697 0.75 0.25
2 6668 6697 0.5 0.5
2 6668 6697 0.25 0.75
1 6697 1
2 6697 6701 0.499999 0.500001
1 6701 1
2 6649 6701 0.249999 0.750001
2 6649 6701 0.5 0.5
2 6649 6701 0.750002 0.249998
1 6649 1
2 6649 6655 0.500001 0.499999
1 6655 1
2 6601 6655 0.5 0.5
1 6601 1
2 6558 6601 0.5 0.5
1 6558 1
2 6558 6574 0.500001 0.499999
1 6574 1
2 6528 6624 0.5 0.5
3 6517 6528 6624 0.25 0.5 0.25
2 6517 6528 0.5 0.5
2 6517 6528 0.749999 0.250001
1 6517 1
2 6517 6584 0.750001 0.249999
2 6517 6584 0.5 0.5
2 6517 6584 0.249999 0.750001
1 6584 1
2 6584 6600 0.500001 0.499999
1 6600 1
2 6600 6640 0.500001 0.499999
1 6640 1
#outer_natural_waist_to_floor
396
1 8457 1
2 8415 8457 0.5 0.5
1 8415 1
2 8318 8415 0.5 0.5
1 8318 1
3 8296 8299 8318 0.125 0.125 0.75
3 8296 8299 8318 0.25 0.25 0.5
3 8296 8299 8318 0.375 0.375 0.25
2 8296 8299 0.5 0.5
2 8186 8299 0.5 0.5
3 8186 8191 8299 0.375 0.250001 0.374999
3 8186 8191 8299 0.25 0.500001 0.25
3 8186 8191 8299 0.125 0.749999 0.125
1 8191 1
2 8099 8191 0.25 0.75
2 8099 8191 0.5 0.5
2 8099 8191 0.75 0.25
1 8099 1
2 7948 8099 0.25 0.75
2 7948 8099 0.5 0.5
2 7948 8099 0.75 0.25
1 7948 1
3 7887 7893 7948 0.25 0.25 0.5
2 7887 7893 0.5 0.5
3 7796 7887 7893 0.125 0.625 0.25
2 7796 7887 0.25 0.75
3 7776 7796 7887 0.25 0.125 0.625
2 7776 7887 0.5 0.5
2 7776 7887 0.75 0.25
1 7776 1
2 7683 7776 0.25 0.75
2 7683 7776 0.5 0.5
2 7683 7776 0.75 0.25
1 7683 1
2 7496 7683 0.25 0.75
2 7496 7683 0.5 0.5
2 7496 7683 0.75 0.25
1 7496 1
2 7409 7496 0.125 0.875
2 7409 7496 0.25 0.75
2 7409 7496 0.375 0.625
2 7409 7496 0.5 0.5
2 7409 7496 0.625 0.375
2 7409 7496 0.75 0.25
2 7409 7496 0.875 0.125
1 7409 1
2 7320 7409 0.25 0.75
2 7320 7409 0.5 0.5
2 7320 7409 0.75 0.25
1 7320 1
2 7218 7320 0.25 0.75
2 7218 7320 0.5 0.5
2 7218 7320 0.75 0.25
1 7218 1
2 7162 7218 0.5 0.5
1 7162 1
2 7067 7162 0.5 0.5
1 7067 1
2 6984 7067 0.25 0.75
2 6984 7067 0.5 0.5
2 6984 7067 0.75 0.25
1 6984 1
2 6820 6984 0.25 0.75
2 6820 6984 0.5 0.5
2 6820 6984 0.75 0.25
1 6820 1
2 6785 6820 0.499999 0.500001
1 6785 1
2 6734 6785 0.5 0.5
1 6734 1
3 6615 6698 6734 0.125 0.124999 0.750001
3 6615 6698 6734 0.250001 0.25 0.499999
3 6615 6698 6734 0.375 0.375 0.25
2 6615 6698 0.5 0.5
3 6615 6645 6698 0.374999 0.500002 0.124999
2 6615 6645 0.25 0.75
3 6614 6615 6645 0.25 0.25 0.5
3 6614 6615 6645 0.5 0.25 0.25
2 6614 6615 0.75 0.25
2 6520 6614 0.499999 0.500001
2 6520 6562 0.875 0.125
2 6477 6520 0.500001 0.499999
2 6418 6477 0.25 0.75
2 6320 6477 0.499999 0.500001
2 6320 6416 0.75 0.25
2 6320 6321 0.875 0.125
2 6242 6320 0.125 0.875
3 6242 6275 6320 0.125 0.125 0.75
3 6242 6275 6320 0.125 0.375 0.5
3 6242 6275 6320 0.125 0.5 0.375
3 6242 6275 6320 0.125 0.625 0.25
2 6242 6275 0.125 0.875
2 6197 6275 0.25 0.75
3 6036 6197 6275 0.25 0.25 0.5
2 6036 6197 0.5 0.5
2 6036 6118 0.5 0.5
3 6024 6036 6118 0.5 0.25 0.25
1 6024 1
3 5845 5965 6024 0.25 0.25 0.500001
2 5845 5965 0.5 0.5
3 5596 5845 5965 0.25 0.499999 0.25
2 5596 5845 0.5 0.5
2 5596 5845 0.75 0.25
1 5596 1
2 5334 5596 0.125 0.875
2 5334 5596 0.25 0.75
2 5334 5596 0.375 0.625
2 5334 5596 0.5 0.5
2 5334 5596 0.625 0.375
2 5334 5596 0.75 0.25
2 5334 5596 0.875 0.125
1 5334 1
2 5124 5334 0.25 0.75
2 5124 5334 0.5 0.5
2 5124 5334 0.749999 0.250001
1 5124 1
2 4913 5124 0.250001 0.749999
2 4913 5124 0.5 0.5
2 4913 5124 0.75 0.25
1 4913 1
2 4800 4913 0.25 0.75
2 4800 4913 0.499999 0.500001
2 4800 4913 0.75 0.25
1 4800 1
2 4745 4800 0.249999 0.750001
2 4745 4800 0.5 0.5
2 4745 4800 0.749999 0.250001
1 4745 1
2 4647 4745 0.5 0.5
1 4647 1
2 4618 4647 0.25 0.75
2 4618 4647 0.499999 0.500001
2 4618 4647 0.75 0.25
1 4618 1
3 4531 4563 4618 0.125 0.125 0.75
3 4531 4563 4618 0.249999 0.249999 0.500002
3 4531 4563 4618 0.374999 0.374999 0.250002
2 4531 4563 0.5 0.5
3 4484 4531 4563 0.249999 0.5 0.250001
2 4484 4531 0.5 0.5
3 4480 4484 4531 0.249998 0.375001 0.375001
3 4480 4484 4531 0.499999 0.25 0.250001
3 4480 4484 4531 0.75 0.125 0.125
1 4480 1
3 4347 4389 4480 0.125 0.125 0.75
3 4347 4389 4480 0.249999 0.25 0.500001
3 4347 4389 4480 0.374999 0.375 0.25
2 4347 4389 0.5 0.5
3 4282 4347 4389 0.250001 0.375 0.375
3 4282 4347 4389 0.500001 0.25 0.249999
3 4282 4347 4389 0.75 0.125 0.125
1 4282 1
2 4196 4282 0.25 0.75
2 4196 4282 0.500001 0.499999
2 4196 4282 0.750001 0.249999
1 4196 1
2 4089 4196 0.249999 0.750001
2 4089 4196 0.499999 0.500001
2 4089 4196 0.75 0.25
1 4089 1
2 3961 4089 0.25 0.75
2 3961 4089 0.5 0.5
2 3961 4089 0.75 0.25
1 3961 1
2 3914 3961 0.25 0.75
2 3914 3961 0.5 0.5
2 3914 3961 0.75 0.25
1 3914 1
3 3820 3885 3914 0.125 0.125 0.75
3 3820 3885 3914 0.25 0.249999 0.500001
3 3820 3885 3914 0.375 0.375001 0.249999
2 3820 3885 0.5 0.5
3 3796 3820 3885 0.249999 0.375 0.375001
3 3796 3820 3885 0.5 0.25 0.25
3 3796 3820 3885 0.750001 0.125 0.124999
1 3796 1
2 3701 3796 0.25 0.75
2 3701 3796 0.5 0.5
2 3701 3796 0.75 0.25
1 3701 1
2 3618 3701 0.125 0.875
2 3618 3701 0.250001 0.749999
2 3618 3701 0.375001 0.624999
2 3618 3701 0.5 0.5
2 3618 3701 0.624999 0.375001
2 3618 3701 0.749999 0.250001
2 3618 3701 0.875 0.125
1 3618 1
2 3529 3618 0.25 0.75
2 3529 3618 0.499999 0.500001
2 3529 3618 0.749999 0.250001
1 3529 1
2 3436 3529 0.125 0.875
2 3436 3529 0.250001 0.749999
3 3436 3445 3529 0.25 0.249999 0.500001
3 3436 3445 3529 0.375 0.25 0.375
3 3436 3445 3529 0.5 0.25 0.25
2 3436 3445 0.5 0.5
3 3362 3436 3445 0.250001 0.25 0.5
2 3362 3445 0.500001 0.499999
3 3362 3363 3445 0.5 0.250001 0.249999
2 3362 3363 0.5 0.5
3 3303 3362 3363 0.125001 0.374999 0.5
3 3303 3362 3363 0.25 0.250001 0.499999
3 3303 3362 3363 0.374999 0.125001 0.5
2 3303 3363 0.5 0.5
3 3303 3307 3363 0.5 0.249999 0.250001
2 3303 3307 0.499999 0.500001
3 3276 3303 3307 0.125001 0.625 0.25
2 3276 3303 0.25 0.75
3 3242 3276 3303 0.250001 0.25 0.499999
3 3242 3276 3303 0.5 0.25 0.25
2 3242 3276 0.75 0.25
3 3242 3243 3276 0.624999 0.250001 0.124999
2 3242 3243 0.500001 0.499999
3 3214 3242 3243 0.249999 0.250001 0.5
2 3214 3243 0.5 0.5
3 3196 3214 3243 0.25 0.5 0.25
2 3196 3214 0.499999 0.500001
3 3152 3196 3214 0.249999 0.375 0.375001
3 3152 3196 3214 0.499999 0.250001 0.250001
3 3152 3196 3214 0.75 0.125 0.125
1 3152 1
2 3077 3152 0.25 0.75
2 3077 3152 0.500001 0.499999
2 3077 3152 0.75 0.25
1 3077 1
2 3013 3077 0.25 0.75
2 3013 3077 0.500001 0.499999
2 3013 3077 0.750002 0.249998
1 3013 1
2 2942 3013 0.250001 0.749999
2 2942 3013 0.500002 0.499998
2 2942 3013 0.749999 0.250001
1 2942 1
2 2801 2942 0.250001 0.749999
2 2801 2942 0.5 0.5
2 2801 2942 0.749999 0.250001
1 2801 1
2 2748 2801 0.25 0.75
2 2748 2801 0.5 0.5
2 2748 2801 0.75 0.25
1 2748 1
2 2675 2748 0.249997 0.750003
2 2675 2748 0.499998 0.500002
2 2675 2748 0.749999 0.250001
1 2675 1
2 2586 2675 0.249999 0.750001
2 2586 2675 0.499998 0.500002
2 2586 2675 0.749997 0.250003
1 2586 1
2 2519 2586 0.25 0.75
2 2519 2586 0.5 0.5
2 2519 2586 0.75 0.25
1 2519 1
2 2466 2519 0.5 0.5
1 2466 1
2 2433 2466 0.5 0.5
1 2433 1
2 2391 2433 0.500002 0.499998
1 2391 1
2 2329 2391 0.249998 0.750002
2 2329 2391 0.5 0.5
2 2329 2391 0.750002 0.249998
1 2329 1
2 2273 2329 0.250001 0.749999
2 2273 2329 0.500002 0.499998
2 2273 2329 0.750003 0.249997
1 2273 1
2 2220 2273 0.250001 0.749999
2 2220 2273 0.499998 0.500002
2 2220 2273 0.749999 0.250001
1 2220 1
2 2162 2220 0.249998 0.750002
2 2162 2220 0.5 0.5
2 2162 2220 0.750002 0.249998
1 2162 1
2 2103 2162 0.25 0.75
3 2103 2109 2162 0.250001 0.250001 0.499998
3 2103 2109 2162 0.250002 0.500001 0.249997
2 2103 2109 0.500001 0.499999
2 2089 2103 0.500001 0.499999
2 2053 2089 0.25 0.75
3 2051 2053 2089 0.250007 0.249999 0.499994
3 2051 2053 2089 0.500007 0.124999 0.374994
1 2051 1
2 2018 2051 0.249996 0.750004
2 2018 2051 0.499998 0.500002
3 2018 2043 2051 0.624999 0.124999 0.250002
2 2018 2043 0.75 0.25
3 1987 2018 2043 0.249994 0.625003 0.125003
2 1987 2018 0.5 0.5
2 1987 1994 0.5 0.5
2 1955 1987 0.500001 0.499999
3 1955 1958 1987 0.5 0.25 0.25
2 1955 1958 0.499999 0.500001
3 1937 1955 1958 0.500003 0.249999 0.249998
1 1937 1
2 1900 1937 0.499996 0.500004
1 1900 1
2 1851 1900 0.5 0.5
1 1851 1
2 1794 1851 0.249999 0.750001
2 1794 1851 0.499998 0.500002
2 1794 1851 0.750001 0.249999
1 1794 1
2 1767 1794 0.250001 0.749999
2 1767 1794 0.499999 0.500001
2 1767 1794 0.749998 0.250002
1 1767 1
3 1706 1736 1767 0.125001 0.125 0.749999
3 1706 1736 1767 0.249997 0.249996 0.500007
3 1706 1736 1767 0.375002 0.375002 0.249996
2 1706 1736 0.5 0.5
3 1704 1706 1736 0.25 0.25 0.5
2 1704 1736 0.500001 0.499999
3 1704 1722 1736 0.500001 0.250001 0.249999
2 1704 1722 0.5 0.5
3 1684 1704 1722 0.5 0.250001 0.25
1 1684 1
2 1667 1684 0.5 0.5
1 1667 1
2 1629 1667 0.500003 0.499997
1 1629 1
2 1600 1629 0.5 0.5
1 1600 1
3 1574 1585 1600 0.25 0.25 0.5
2 1574 1585 0.5 0.5
3 1532 1574 1585 0.499997 0.250001 0.250003
1 1532 1
2 1497 1532 0.249999 0.750001
2 1497 1532 0.499998 0.500002
2 1497 1532 0.749997 0.250003
1 1497 1
2 1436 1497 0.25 0.75
2 1436 1497 0.5 0.5
2 1436 1497 0.75 0.25
1 1436 1
2 1398 1436 0.249998 0.750002
2 1398 1436 0.5 0.5
2 1398 1436 0.750002 0.249998
1 1398 1
2 1329 1398 0.250003 0.749997
2 1329 1398 0.500002 0.499998
2 1329 1398 0.750001 0.249999
1 1329 1
2 1289 1329 0.250001 0.749999
2 1289 1329 0.500002 0.499998
2 1289 1329 0.750003 0.249997
1 1289 1
2 1258 1289 0.499997 0.500003
1 1258 1
3 1229 1249 1258 0.250002 0.250003 0.499995
2 1229 1249 0.500001 0.499999
2 1208 1229 0.5 0.5
2 1206 1208 0.500001 0.499999
3 1183 1206 1208 0.500003 0.249999 0.249999
1 1183 1
2 1172 1183 0.500004 0.499996
1 1172 1
2 1058 1172 0.25 0.75
2 1058 1172 0.5 0.5
2 1058 1172 0.75 0.25
1 1058 1
2 980 1058 0.250002 0.749998
2 980 1058 0.500002 0.499998
2 980 1058 0.750001 0.249999
1 980 1
2 931 980 0.499995 0.500005
1 931 1
3 892 911 931 0.249998 0.25 0.500002
2 892 911 0.500001 0.499999
3 850 892 911 0.250001 0.5 0.249999
2 850 892 0.5 0.5
3 794 850 892 0.249999 0.5 0.250002
2 794 850 0.499999 0.500001
3 758 794 850 0.250001 0.5 0.249998
2 758 794 0.5 0.5
3 615 758 794 0.249996 0.250003 0.500001
2 615 794 0.499998 0.500002
2 615 794 0.749999 0.250001
1 615 1
2 503 615 0.499996 0.500004
1 503 1
3 364 503 538 0.124998 0.750004 0.124997
3 364 503 538 0.250002 0.499997 0.250001
3 364 503 538 0.375006 0.249988 0.375006
2 364 538 0.5 0.5
3 364 446 538 0.624999 0.124996 0.250005
2 364 446 0.75 0.25
3 304 364 446 0.250001 0.625 0.124999
2 304 364 0.5 0.5
3 285 304 364 0.249996 0.375003 0.375002
3 285 304 364 0.499993 0.250004 0.250003
3 285 304 364 0.750003 0.124998 0.124999
1 285 1
#knee
135
1 2645 1
2 2645 2691 0.75 0.25
2 2645 2691 0.5 0.5
2 2645 2691 0.25 0.75
1 2691 1
2 2691 2712 0.5 0.5
1 2712 1
3 2631 2684 2712 0.124997 0.125001 0.750002
3 2631 2684 2712 0.250002 0.25 0.499999
3 2631 2684 2712 0.374999 0.375 0.250001
2 2631 2684 0.5 0.5
3 2589 2631 2684 0.25 0.249999 0.500001
2 2589 2684 0.5 0.5
3 2589 2633 2684 0.374998 0.250001 0.375001
3 2589 2633 2684 0.25 0.5 0.25
3 2589 2633 2684 0.125002 0.749999 0.124999
1 2633 1
3 2578 2633 2681 0.125 0.75 0.125
3 2578 2633 2681 0.25 0.500001 0.249999
3 2578 2633 2681 0.375001 0.250001 0.374999
2 2578 2681 0.500001 0.499999
3 2578 2648 2681 0.375002 0.249999 0.374999
3 2578 2648 2681 0.250002 0.499999 0.249999
3 2578 2648 2681 0.125 0.75 0.125
1 2648 1
2 2630 2648 0.25 0.75
2 2630 2648 0.5 0.5
2 2630 2648 0.75 0.25
1 2630 1
3 2542 2629 2630 0.125001 0.124999 0.749999
3 2542 2629 2630 0.249999 0.25 0.500001
3 2542 2629 2630 0.249999 0.500001 0.25
2 2542 2629 0.249999 0.750001
3 2542 2565 2629 0.125 0.250003 0.624997
2 2565 2629 0.500003 0.499997
2 2565 2581 0.500002 0.499998
3 2492 2565 2581 0.250001 0.250001 0.499998
2 2492 2581 0.500001 0.499999
2 2492 2579 0.5 0.5
3 2492 2543 2579 0.25 0.5 0.25
1 2543 1
2 2543 2560 0.75 0.25
2 2543 2560 0.500001 0.499999
2 2543 2560 0.25 0.75
1 2560 1
3 2500 2560 2602 0.124999 0.75 0.125001
3 2500 2560 2602 0.250001 0.500001 0.249998
3 2500 2560 2602 0.375 0.250001 0.374999
2 2500 2602 0.5 0.5
3 2500 2580 2602 0.374999 0.25 0.375001
3 2500 2580 2602 0.25 0.5 0.25
3 2500 2580 2602 0.125001 0.750001 0.124998
1 2580 1
2 2557 2580 0.25 0.75
2 2557 2580 0.499999 0.500001
2 2557 2580 0.749999 0.250001
1 2557 1
3 2511 2557 2603 0.125 0.750001 0.124998
3 2511 2557 2603 0.25 0.499998 0.250002
3 2511 2557 2603 0.374999 0.250002 0.374999
2 2511 2603 0.500001 0.499999
3 2511 2559 2603 0.375003 0.249997 0.375
3 2511 2559 2603 0.250003 0.499997 0.25
3 2511 2559 2603 0.124999 0.750001 0.125
1 2559 1
2 2555 2559 0.249999 0.750001
2 2555 2559 0.5 0.5
2 2555 2559 0.750001 0.249999
1 2555 1
3 2468 2555 2584 0.125 0.75 0.125
3 2468 2555 2584 0.25 0.500002 0.249999
3 2468 2555 2584 0.375 0.250002 0.374998
2 2468 2584 0.499999 0.500001
3 2468 2551 2584 0.375001 0.249999 0.375
3 2468 2551 2584 0.249999 0.500001 0.25
3 2468 2551 2584 0.124998 0.750002 0.125
1 2551 1
2 2551 2576 0.75 0.25
2 2551 2576 0.499998 0.500002
2 2551 2576 0.250001 0.749999
1 2576 1
2 2552 2576 0.25 0.75
3 2552 2576 2623 0.250002 0.5 0.249998
3 2552 2576 2623 0.499998 0.250001 0.250001
2 2552 2623 0.5 0.5
2 2521 2623 0.375 0.625
3 2521 2613 2623 0.250001 0.249999 0.5
3 2521 2613 2623 0.250001 0.5 0.25
2 2521 2613 0.25 0.75
2 2539 2613 0.249999 0.750001
3 2539 2613 2622 0.25 0.5 0.25
3 2539 2613 2622 0.125002 0.374999 0.499999
1 2622 1
2 2608 2622 0.250001 0.749999
2 2608 2622 0.500001 0.499999
2 2608 2622 0.750002 0.249998
1 2608 1
2 2608 2634 0.75 0.25
2 2608 2634 0.500001 0.499999
2 2608 2634 0.25 0.75
1 2634 1
2 2634 2668 0.75 0.25
2 2634 2668 0.499999 0.500001
2 2634 2668 0.25 0.75
1 2668 1
2 2637 2668 0.250001 0.749999
2 2637 2668 0.5 0.5
2 2637 2668 0.75 0.25
1 2637 1
2 2637 2638 0.5 0.5
1 2638 1
2 2638 2650 0.5 0.5
1 2650 1
3 2606 2650 2698 0.249999 0.500001 0.249999
2 2606 2698 0.5 0.5
3 2606 2698 2714 0.499999 0.250001 0.250001
2 2606 2714 0.499998 0.500002
3 2606 2661 2714 0.25 0.500001 0.249998
1 2661 1
2 2661 2670 0.749999 0.250001
2 2661 2670 0.5 0.5
2 2661 2670 0.250001 0.749999
1 2670 1
2 2670 2673 0.75 0.25
2 2670 2673 0.5 0.5
2 2670 2673 0.250001 0.749999
1 2673 1
2 2645 2673 0.125 0.875
2 2645 2673 0.25 0.75
2 2645 2673 0.375 0.625
2 2645 2673 0.5 0.5
2 2645 2673 0.625 0.375
2 2645 2673 0.75 0.25
2 2645 2673 0.875001 0.124999
1 2645 1
#maximum_thigh
191
1 3930 1
3 3878 3930 4040 0.125 0.75 0.125
3 3878 3930 4040 0.25 0.5 0.25
3 3878 3930 4040 0.375 0.25 0.375
2 3878 4040 0.5 0.5
3 3878 4030 4040 0.499999 0.25 0.250001
2 3878 4030 0.5 0.5
3 3878 3889 4030 0.25 0.25 0.5
2 3889 4030 0.500001 0.499999
3 3869 3889 4030 0.25 0.375001 0.374999
3 3869 3889 4030 0.5 0.25 0.25
3 3869 3889 4030 0.75 0.125 0.125
1 3869 1
3 3819 3869 3959 0.125 0.75 0.125
3 3819 3869 3959 0.25 0.5 0.25
3 3819 3869 3959 0.374999 0.250001 0.375
2 3819 3959 0.5 0.5
3 3819 3907 3959 0.5 0.125 0.375
3 3819 3907 3959 0.5 0.25 0.25
3 3819 3907 3959 0.5 0.375 0.125
3 3819 3907 3959 0.375 0.5 0.125
2 3819 3907 0.375 0.625
2 3819 3907 0.25 0.75
2 3819 3907 0.125001 0.874999
1 3907 1
2 3907 3920 0.75 0.25
2 3907 3920 0.5 0.5
2 3907 3920 0.25 0.75
2 3920 3999 0.875 0.125
2 3920 4009 0.875 0.125
2 3912 3920 0.5 0.5
1 3912 1
2 3903 3912 0.25 0.75
2 3903 3912 0.5 0.5
2 3903 3912 0.75 0.25
1 3903 1
2 3903 3953 0.5 0.5
1 3953 1
2 3953 3975 0.75 0.25
2 3953 3975 0.5 0.5
2 3953 3975 0.25 0.75
1 3975 1
3 3949 3975 4000 0.124999 0.750002 0.124998
3 3949 3975 4000 0.25 0.5 0.25
3 3949 3975 4000 0.375001 0.249997 0.375002
2 3949 4000 0.5 0.5
3 3949 4000 4041 0.499999 0.374999 0.125002
3 3949 4000 4041 0.5 0.25 0.25
3 3949 4000 4041 0.500001 0.125001 0.374998
2 3949 4041 0.5 0.5
3 3949 4023 4041 0.5 0.125 0.375
3 3949 4023 4041 0.500002 0.249999 0.249999
3 3949 4023 4041 0.500001 0.374999 0.124999
2 3949 4023 0.500001 0.499999
3 3890 3949 4023 0.125002 0.375001 0.499997
3 3890 3949 4023 0.250001 0.250001 0.499999
3 3890 3949 4023 0.375 0.125 0.5
2 3890 4023 0.500001 0.499999
3 3890 3993 4023 0.500002 0.124999 0.374999
3 3890 3993 4023 0.500003 0.249999 0.249999
3 3890 3993 4023 0.500003 0.374999 0.124998
2 3890 3993 0.5 0.5
2 3890 3993 0.25 0.75
1 3993 1
2 3986 3993 0.5 0.5
1 3986 1
2 3983 3986 0.5 0.5
1 3983 1
2 3983 3988 0.5 0.5
1 3988 1
2 3988 3995 0.749999 0.250001
2 3988 3995 0.5 0.5
2 3988 3995 0.25 0.75
1 3995 1
2 3995 4003 0.75 0.25
2 3995 4003 0.5 0.5
2 3995 4003 0.25 0.75
1 4003 1
2 4003 4010 0.75 0.25
2 4003 4010 0.500001 0.499999
2 4003 4010 0.250002 0.749998
1 4010 1
2 3978 4010 0.250001 0.749999
2 3978 4010 0.500001 0.499999
2 3978 4010 0.75 0.25
1 3978 1
2 3978 4053 0.75 0.25
2 3978 4053 0.5 0.5
2 3978 4053 0.25 0.75
1 4053 1
2 3942 4053 0.25 0.75
2 3942 4053 0.499999 0.500001
2 3942 4053 0.75 0.25
1 3942 1
2 3942 3996 0.750001 0.249999
2 3942 3996 0.500001 0.499999
2 3942 3996 0.249999 0.750001
1 3996 1
2 3996 4054 0.875 0.125
2 3996 4054 0.75 0.25
2 3996 4054 0.625 0.375
2 3996 4054 0.5 0.5
2 3996 4054 0.375 0.625
2 3996 4054 0.25 0.75
2 3996 4054 0.125 0.875
1 4054 1
2 4054 4137 0.874999 0.125001
2 4054 4137 0.75 0.25
3 3931 4054 4137 0.249999 0.5 0.250001
3 3931 4054 4137 0.25 0.375 0.375
3 3931 4054 4137 0.250001 0.25 0.499999
2 3931 4137 0.5 0.5
3 3931 4036 4137 0.375 0.249999 0.375001
3 3931 4036 4137 0.25 0.5 0.250001
3 3931 4036 4137 0.125 0.75 0.125
1 4036 1
2 4036 4037 0.75 0.25
2 4036 4037 0.5 0.5
2 4036 4037 0.25 0.75
1 4037 1
2 4016 4037 0.25 0.75
2 4016 4037 0.5 0.5
2 4016 4037 0.75 0.25
1 4016 1
3 3965 4016 4057 0.125 0.75 0.125
3 3965 4016 4057 0.25 0.5 0.25
3 3965 4016 4057 0.375 0.25 0.375
2 3965 4057 0.5 0.5
3 3965 3979 4057 0.375 0.25 0.375
3 3965 3979 4057 0.250001 0.5 0.249999
3 3965 3979 4057 0.125 0.75 0.125
1 3979 1
2 3948 3979 0.25 0.75
2 3948 3979 0.5 0.5
2 3948 3979 0.75 0.25
1 3948 1
2 3948 4008 0.75 0.25
2 3948 4008 0.5 0.5
2 3948 4008 0.25 0.75
1 4008 1
2 3957 4008 0.25 0.75
2 3957 4008 0.5 0.5
2 3957 4008 0.75 0.25
1 3957 1
2 3957 3982 0.75 0.25
2 3957 3982 0.5 0.5
2 3957 3982 0.25 0.75
1 3982 1
2 3982 4038 0.750001 0.249999
2 3982 4038 0.499999 0.500001
2 3982 4038 0.25 0.75
1 4038 1
2 4014 4038 0.25 0.75
2 4014 4038 0.5 0.5
2 4014 4038 0.75 0.25
1 4014 1
2 3997 4014 0.25 0.75
2 3997 4014 0.5 0.5
2 3997 4014 0.75 0.25
1 3997 1
2 3976 3997 0.25 0.75
2 3976 3997 0.500001 0.499999
2 3976 3997 0.75 0.25
1 3976 1
2 3964 3976 0.25 0.75
2 3964 3976 0.499999 0.500001
2 3964 3976 0.75 0.25
1 3964 1
2 3964 4022 0.75 0.25
2 3964 4022 0.5 0.5
2 3964 4022 0.25 0.75
1 4022 1
2 4022 4045 0.749999 0.250001
2 4022 4045 0.499999 0.500001
3 4007 4022 4045 0.124998 0.374997 0.500005
3 4007 4022 4045 0.249998 0.249997 0.500006
3 4007 4022 4045 0.374997 0.124996 0.500007
2 4007 4045 0.5 0.5
3 4007 4045 4072 0.5 0.25 0.25
2 4007 4072 0.5 0.5
2 4007 4065 0.500002 0.499998
2 4007 4034 0.500001 0.499999
2 3923 4034 0.5 0.5
3 3923 3969 4034 0.249999 0.499999 0.250002
1 3969 1
2 3969 3973 0.500001 0.499999
1 3973 1
2 3930 3973 0.25 0.75
2 3930 3973 0.5 0.5
2 3930 3973 0.75 0.25
1 3930 1
